Centroid 1:-2.4923887581699375 8.080447058823525 3.5592073202614345 1.6594724183006573 -0.8951383006535937 1.7406975163398686 4.928843921568616 3.756670065359478 0.9498363398692817 -0.015048627450980408 0.7297270588235307 -0.5501960784313719 1.5106211764705901 0.39022431372548977 -0.3749641830065368 -1.768081045751635 -0.5587955555555554 1.5989262745098023 -0.6081900653594797 0.12926405228758162,3825	
Centroid 6:-2.078755694684965 3.1311972825362995 -5.224536832289873 -5.872148661249509 -1.6396996136938804 -1.0817313174370589 -0.11940895164513106 -0.27205141867590255 -0.06848634607699478 -1.1385215132543005 1.1922467030771287 0.12932329825496194 0.7827775409617695 0.32169535100572727 0.12779032902624202 0.042736912215265696 0.35169428533368796 0.44595097908618725 0.7487750099906756 -0.6775903823098438,7507	
Centroid 2:6.273338376762854 -1.751600728495373 -2.8767148594377403 0.9000497805174218 3.7009869244419558 -1.4132638460820033 0.4652512375081726 0.4500732231250601 0.050805641169328605 1.203837676286539 0.36345073316521853 -0.12242000560381137 0.3466656393013934 -0.016028486037171927 -0.36748930606145586 0.16382151863267025 0.5816423834874365 0.18828700849911245 -0.2359667507238252 -0.0898565424488652,10707	
Centroid 7:3.8209996839776585 2.240445064784578 3.088974823554206 -0.13868450437164254 -2.226823554197832 -0.9093792267986935 -0.946002212156327 1.4098813862846384 -0.8437620351838204 -0.11700779521752841 -2.2763462551353597 -0.7998941325186976 -0.06397935320762674 0.26268724323185655 0.24723269777730894 0.22840071631728656 0.35928083851258896 -0.8992836827135763 -0.6494822500790051 -0.19783250816391057,9493	
Centroid 3:-2.3208652535019247 -4.031382422213957 -1.7164043634560557 3.9268774017602674 -4.280614602702378 -0.5921005330358243 1.6276459650427624 -1.7344176273707772 -0.338327631089625 1.232987851741658 1.0755832403619694 -0.6254301475145653 -0.5124722945332847 -0.34678901698277004 0.7796480723937019 0.03266480723937038 0.16552225114664681 0.31132738316598546 -0.08260295029131044 -0.3785802652782912,8067	
Centroid 8:-0.053815753734721604 -6.391075599818909 2.4726699864191968 -2.790348724913243 0.08381620642824844 2.117778331069866 0.5997366832654301 1.2368500075448945 2.510316130979333 -2.050776972989288 -0.8238753583823755 1.2987578089633347 -1.388701071374675 -1.1555865399124803 -1.1206680247472476 0.4424276444846843 -0.6326651576882436 -0.04520763543081322 0.5015620944620486 0.18825199939640833,6627	
Centroid 4:-5.19893302540417 3.438426995124443 -7.362347190146256 5.940305363099807 0.21858455221965636 3.4932401847575023 -3.388231973312797 -0.9773348729792146 -0.5043992814985908 -1.8652722607133665 -2.2000318193482116 1.6341657685399058 -0.4743841416474214 0.042321272773928706 -0.5795319476520395 -0.008543494996150997 -1.6436109828072902 -0.39186271490890473 -0.4078994098024116 1.2494683089556053,3897	
Centroid 9:0.3247936507936498 11.065052380952373 8.128673015873023 -1.361985714285713 1.5906190476190467 0.0932650793650794 7.044094444444448 -9.307453174603172 -0.5650952380952368 3.0378325396825385 -0.6804428571428569 5.677644444444453 -4.118041269841278 -0.5032563492063498 -1.0271444444444442 3.2183563492063483 0.8760476190476199 -2.9135849206349205 0.41510793650793637 0.07624444444444453,1260	
Centroid 0:-15.280649265477429 -2.6054561909758633 3.039709601259184 -0.9552298006295907 5.4774685204617155 -4.03233263378804 -1.5615582371458592 0.8067822665267557 -0.6030747639034638 1.5303486358866671 -0.5940057712486869 -0.7093003672612809 0.04978357817418681 0.25240320041972775 0.6232544596012607 -0.6152437040923401 0.562122245540397 -0.6810007869884571 -0.3156673662119621 0.12959837355718795,3812	
Centroid 5:3.9293660770031216 0.10799958376690963 6.536305306971914 -0.32727471383975076 1.5556241415192509 3.6659856399583757 -4.327746097814777 -2.5549648283038606 -0.9512149843912602 -0.40009531737772985 3.0094747138397446 -0.9046774193548428 1.1306362122788807 0.7759371488033302 0.9110591050988545 -0.4868955254942777 -0.8574245577523382 0.5502526534859532 1.0407893860561928 0.7856029136316349,4805	
