Centroid 1:4.149176794837318 0.9156992471094367 6.063012637805844 0.02920328045173443 0.25190158644797045 2.2759810432912064 -3.634721699381558 -1.8460021511158982 -1.0801302769561738 -0.42599704221565177 0.8902506050013429 -1.7434115353589674 0.7878773863941924 0.9723854530787824 0.4153429685399309 0.44516348480774476 -0.6771297391771959 -0.20485721968271037 0.7397243882764156 0.050092901317558385,7438	
Centroid 6:-2.4379723756906007 -1.9394849029937133 -2.152794166773735 4.867888217910838 -4.8368806372863915 -1.9022806115893642 -0.24645984838751056 -1.3176762173968932 0.053238853912373034 0.8051961968392655 1.8653817294102544 0.5283956058075298 -0.2759185404085832 -0.25458524990363635 0.4109933187716814 0.332309135294875 -0.34574457150199284 -0.05031915713735046 0.041777849158422066 -0.37217538224335067,7783	
Centroid 2:-15.273269048870237 -1.113192590646347 2.4949692590646375 -0.05801839201261177 5.805738833420906 -3.9302469784550693 -2.379644771413554 1.282222806095641 -0.6527995270625316 1.6823594324750384 -0.719125328428795 -0.21976248029427264 0.07905885444035737 0.1714377299001577 0.5059545454545441 -0.1540388859695221 0.31593247503941146 -0.3056768260641095 -0.34550131371518594 -0.008449027850761955,3806	
Centroid 7:4.907429749688303 0.018212429270164192 -2.259352258559505 -0.9841452958664967 0.865008631437619 -3.063510693392164 -0.2584216936798701 -0.2170235925961446 -0.35643080464179533 0.29988098206578984 -0.40324810587896665 -0.7679554042389973 0.0015300661743550294 -1.099622038937371 -0.9025621943032486 -0.1365136664428891 0.2753740289632672 0.6965746619353579 -0.7034982257600461 0.035963172532847344,10427	
Centroid 3:0.9340834218916023 5.370115701381502 3.3665039851222054 0.4533081827842719 -2.6248726089266765 -0.34328174814027645 1.880445669500527 3.3534512486716195 -0.6431718916046767 -0.31258289054197685 -1.647740037194476 0.4051509032943684 0.4526551540913936 0.5099121944739633 0.8995013283740707 -1.4020895324123297 0.4398359458023377 0.5253340860786385 -0.23770443676939404 0.21608740701381518,7528	
Centroid 8:-2.4894659949622153 11.898422544080605 6.865057304785896 -0.08026826196473547 2.4434842569269533 1.826113979848866 8.905644836272026 -6.260101385390429 1.566909319899246 3.2654641057934475 1.9214149874055395 2.955149874055414 -1.847756297229218 -0.6644804785894224 -3.0154647355163786 2.7133406801007562 -0.6724829974811087 -2.2604049118387906 -1.1399408060453418 0.2931649874055414,1588	
Centroid 4:-5.26462909090909 -7.2792742857142825 -1.1941316883116828 -2.2911768831168873 -0.7393506493506508 3.55236337662337 4.6642698701298695 -1.5285654545454532 -3.952110909090906 -1.0881885714285688 -1.8171033766233708 -1.2615389610389651 1.5350090909090928 -1.8529059740259721 0.7031974025973989 -0.18752259740259766 -0.10291402597402573 -0.3786129870129865 0.5586070129870153 0.00030077922077928324,3850	
Centroid 9:-3.977800957956364 5.65205747738159 -8.125412808231319 -2.034303707645913 0.1121715451481283 2.551471527408203 -1.454095440837323 -1.524607237892493 1.7045394713500124 -2.172655667908461 -0.3882059606173491 -0.5802513748447768 -0.33043462834841114 0.7062689373780384 0.3492730175625341 -0.20997356750044383 0.20983767961681762 -0.21442469398616246 0.12533173673940048 0.20741671101649836,5637	
Centroid 0:5.686719993228379 -3.0904084983917413 -3.1963233451836826 0.8781034366006418 4.137283392585064 1.2434944980531584 1.0701466057220244 1.8407909260199744 0.08205349585237855 2.0864674115456268 0.9394696123243588 1.4478792957508062 0.6349344845099048 1.8584274589470162 0.6057343829354993 0.6212896563399339 0.41027492805146476 -0.45727323514474444 0.11812849162011188 -0.3905259861181654,5907	
Centroid 5:0.1816983101391651 -5.398832173624914 3.1091539098740872 -2.6156731278992718 -0.2802445328031811 1.499517561298871 -0.6087953943008623 1.6004348906560695 3.528187044400269 -1.8820869781312088 -0.19800314777998623 1.5780178926441362 -2.0354587475149026 -0.8359648774022543 -1.4991534128561939 0.10028015241882064 -0.2955571570576545 0.1362967196819087 0.4757944002650765 0.2040430748840295,6036	
