Centroid 1:-15.961665611146303 -0.31784198860038126 2.3604512349588336 0.18612729575680817 6.8617596580114055 -3.9296364787840368 -2.901229892336924 1.6018841038632092 -0.595689677010768 2.0379730842305244 -1.164236858771374 -0.06995851804939841 0.1042435085497149 -0.12567257758074718 0.37995471817606097 0.0838872704243193 0.10313869537682073 -0.1358584547181762 -0.30699746675110784 -0.07307346421785944,3158	
Centroid 6:1.3490394693743872 -1.3057790697674432 -1.7862143792990501 -4.613881428103507 -2.356833442515553 1.3537610547002958 -1.2257436947264975 1.6060065509335124 -0.9113121519816583 2.0345291516541053 -0.23849983622666313 0.9305696036685221 -0.4688783164100886 -0.524793973141174 -0.9334122174909978 0.6205284965607607 0.5506604978709458 0.6533527677694098 -1.153902882410741 -0.1200185063871603,6106	
Centroid 2:-4.32434691717385 6.585187880391628 -9.033200846784846 -0.555376290023816 0.9454665255358546 4.367050807091838 -1.5798412278380496 -2.394238952103725 2.6670375760783287 -2.715606774278913 -1.2208565758137073 -1.3597351151098214 -1.095062715003968 0.5613739084413871 0.6408171473934906 -0.33689865043662276 0.43557845991002914 -0.8999547499338472 -0.6112050807091836 0.7361047896268877,3779	
Centroid 7:4.101131063480655 2.247086247564364 5.388288380678903 0.32898000205107264 -0.9666177827915089 0.6213344272382331 -2.2353804737975644 -0.9044448774484695 -1.2748073018151973 -0.42666218849348847 -1.3221991590606124 -1.6973096092708406 0.26132201825453655 0.8879541585478399 0.23666321402932924 0.7219715926571619 -0.3141981335247661 -0.6748369398010426 0.22691949543636578 -0.4667036201415263,9751	
Centroid 3:1.3832068335465015 -4.884053718253248 4.464260369084598 -0.7218682623789535 1.6305342590900764 2.7498788598574744 -1.145804677507766 0.9655945550886176 3.372201900237544 -2.703911383153661 1.2992857664900412 2.0941891101772336 -1.260453681710217 -0.8728810524392494 -0.8700551799744185 -1.0547421889274622 -0.22791741275351768 0.04476667275717162 0.8827801936780574 0.19362762653023993,5473	
Centroid 8:-1.8074319868095667 -1.5870031327287741 -2.6943780708985963 7.214840395713103 -4.536428524319876 -1.4029398186314888 -0.286833140972794 -1.1581523495465795 0.4026372629843354 0.64901582852432 1.2380822753503689 0.8334760098928293 0.3087206924979389 -1.3264489694971202 0.5384995877988453 0.6392801319043684 -0.5042329760923333 -0.06117114591920847 0.504784171475679 -0.30668474855729566,6065	
Centroid 4:-6.636227336122751 -8.331408089260808 0.18955453277545303 -0.9626440725244071 -0.2594340306834029 3.07453974895398 5.016875871687591 -1.8012702928870288 -2.9103860529986045 -1.0424041841004181 -2.1232549511854977 -1.8173386331938677 1.3466825662482547 -1.3108030683403051 0.7565297071129725 -0.5784248256624827 0.49545383542538474 -0.3739637377963733 1.0582619246861924 0.17103347280334708,3585	
Centroid 9:6.344959193030712 -1.479370472260432 -2.7538604309949477 1.0414257679963355 3.6230853736817905 -1.5165357175607552 0.5349979825767992 0.4939312242090795 0.10866950939935846 1.0781665291150815 0.2574906923429615 -0.2274613480055006 0.3768582301696477 -0.04689362677670804 -0.17888693259972543 0.17828574048601545 0.5203880788629056 0.24739614855570843 -0.16361063732232903 0.053539202200825385,10905	
Centroid 0:-3.0804491245457473 0.07674975222993069 -2.597466138090523 -4.2202324083250815 -2.7031565906838404 -3.684218202841096 0.06129286422200184 -0.4317462834489603 -0.603588371324744 -0.7870868847043264 2.134624215394773 0.18882738685166878 -0.3619760488932937 1.5585125536835134 0.07283465477370336 -0.14574578790882053 -0.7815878757846094 0.44987330690452443 -0.0016101750908489722 -0.17143425834159204,6054	
Centroid 5:-0.9386512490242008 8.599736338797833 4.296645979703359 0.8445117096018746 -0.9867933255269329 0.5592728337236545 5.512810694769715 1.6454767759562818 0.35360031225604965 0.6228676814988295 -0.024118852459016318 1.4750845042935221 0.46743540202966255 0.27960909445745563 0.012897931303669062 -1.3507667837626798 -0.13255054644808734 0.47971194379390975 -0.3491893052302896 0.6594607728337221,5124	
