Centroid 1:-11.179659708546694 4.774833202048062 -1.0048369436786153 -1.3697241039779424 3.4092176053564285 -1.0298353682552235 -0.8776055533674649 1.4062069712485266 0.5076709334383617 0.767300905868453 1.5211652225285541 -1.4605139818826296 -0.8687867270578973 0.27071622686096936 0.7211878692398593 0.5686585269791263 -0.38559629775502235 -0.4582079558881437 0.10594663253249326 -0.6772111067349336,5078	
Centroid 6:1.6653539058171745 -3.3410980609418277 -1.218256731301943 -1.7974736842105268 -1.3832670360110733 1.585487091412741 -0.5703567867036012 0.024376066481994387 0.014573850415512448 2.4009260941828194 -0.22550770083102503 -0.0990844321329639 -0.6775619944598323 0.3375352908587256 -0.22180277008310317 0.6919439335180078 0.11728066481994451 0.607913351800556 -0.27165085872576017 0.336890747922438,9025	
Centroid 2:-2.978827808988763 2.962700280898883 -9.1837632022472 -3.5077137640449507 -0.639182303370787 1.3481339887640487 -1.126663764044946 -3.139732865168528 0.14218932584269664 -3.673953370786526 -0.9749387640449423 0.6721539325842685 1.2036952247191008 2.056204494382021 -0.8521648876404458 -0.6621693820224708 1.0204831460674155 0.4496719101123578 -0.7733522471910124 0.9393266853932583,3560	
Centroid 7:3.5599073960505305 4.381305531706105 4.009975101189754 -0.5847117625413952 -1.2143870967741903 0.8346483503005013 -1.7794364037777484 -0.4392193057770159 -0.5960398626272582 0.6611842266650292 -2.2644886544830087 -1.374388813933522 0.6513433092113344 0.22068465595486322 0.19795927879308162 -0.022941003311664362 -0.4727169140193811 -0.665641113700476 0.6828515883723782 -0.3981411750275993,8153	
Centroid 3:1.0165497347480097 -5.049773541114056 4.193260610079583 -2.120949933687002 2.709495026525202 4.523640583554376 -1.4155477453580918 -0.07614157824933696 1.599973143236077 -2.503151856763927 2.8498862732095516 3.3593992042440326 0.18768468169761252 -2.8724383289124686 0.821926392572945 -1.7197742042440352 -0.4884850795755969 0.25153514588859377 -0.8616939655172404 -0.11781332891246693,3016	
Centroid 8:-3.519362571701726 -0.8416582217973229 -2.8898398661567932 8.326303298279145 -4.714954110898678 -1.619572896749521 -1.3547533460803058 -1.0798783460803085 -0.82976242829828 -0.12038814531548771 2.0300396749521963 1.3174536328871878 0.5266438814531561 -2.152678537284895 -0.2770167304015308 0.6740532982791586 -0.4314818355640549 -1.2183565965583134 1.0915805449330744 -0.16302509560229408,4184	
Centroid 4:-10.430324067022118 -9.28824828636708 3.201423076923077 -0.5751172886519421 2.1513328255902513 0.8778271134805795 4.23614965727342 -1.796587585681644 -1.0293054074638253 -0.9953670982482877 -2.7718644325971034 -1.612576542269614 2.2865887281035797 -1.0718606245239912 0.43803541507997046 -1.6142246763137875 1.2253762376237636 -0.8610434120335118 1.4073057882711315 0.23110891089108904,2626	
Centroid 9:5.609606228901235 -1.6161359032995755 -3.2032272677774123 1.4232416421648688 4.328072743112281 -0.4250193836436898 0.818364913426982 0.9677532396820204 -0.043863116628552586 1.042368071436352 0.5410984427746917 0.4897628226069919 0.4654376565392578 0.6827572688663832 0.054129696177719955 0.13659076554502875 0.2761235979527387 -0.11224447348361087 0.1867347272133296 -0.34765272786670914,9183	
Centroid 0:-1.0868671983356484 -2.183341712898751 2.466347260748967 -2.346306865464635 -3.1993117198335597 -1.9761043689320386 -0.29257732316227447 0.8442149791955613 1.8486366158113707 -0.7540384882108191 0.2568515950069342 -0.5055950069348124 -1.0841456310679571 0.1501759708737865 -0.405784327323162 0.3313573162274609 -0.48264892510402 0.5132871012482644 -0.5036990291262151 0.9316343619972228,5768	
Centroid 5:1.8209122993515443 3.2115929626873525 2.372847879238863 1.4842631019453636 -0.8543725948761548 -1.5462760710109529 2.244375996598288 0.33087700648453106 -0.7722604443499529 -1.3211498883809947 -0.003536515360901514 0.4405825449133625 -0.623645476772615 -0.020369937280748478 -0.09284681620070183 -0.33487743169979756 0.15161719995747858 0.5660244498777495 -0.5711514829382383 -0.15479238864675246,9407	
Centroid 1:-12.261735100891599 5.169076489910843 -0.11746175504458017 -0.5468505396527445 4.361970905678087 -1.024339511966212 -1.1048465509150591 1.6896283435007082 0.6087822618488954 1.5964694978883134 1.1452036602534021 -1.226588925387141 -0.6032158610980737 0.1293615673392779 -0.00184678554669167 1.0306142656030046 -0.7688648521820736 -0.025774049741905072 -0.32486039418113455 -0.5153064289066159,4262	
Centroid 6:1.456814677130663 -3.3287612556794755 -2.090034696406444 -2.046073798705769 -1.9676917251824304 1.485359355638167 -0.10915737298636918 0.3763564642709632 -0.47995814401762366 2.3903716095277314 -0.502687043921246 0.2848462068015967 -0.7154805176924149 0.277374363210794 -0.4847594657854897 0.6924564229657185 0.07738358804901557 0.660799118821424 -0.6794410023406294 -0.17146482169902255,7263	
Centroid 2:-2.7007521103561842 3.9743092443895507 -8.953892526250744 -3.0980992382128885 -0.4318587605517813 1.658060531192093 -1.0511603870702066 -2.6145585752522202 0.7483067737286396 -3.0147834053942795 -0.5998742021824169 0.02394338068766721 0.41930492073296327 1.2446800494132124 -0.3049372040354112 -0.8355346921968299 0.6970761787111385 0.1051406217829935 -0.22103170681490664 0.37644307185505577,4857	
Centroid 7:4.174708393632422 3.3905993728895374 5.2777597684515065 -0.4697937771345883 -1.0445792329956587 0.716383502170765 -2.3625413651712486 -1.295709961408591 -1.1258270622286561 0.3741349493487681 -1.9489967438494886 -1.5023282682103207 0.3645071152918466 0.5356876507477075 0.21156741437530105 0.5300909310178492 -0.23632911239749133 -0.703588880849012 0.5832475880366627 -0.44627158707187714,8292	
Centroid 3:1.710176039759351 -4.5458556107768695 4.810635888046032 -1.6392566047606605 2.2426162699450676 4.570681663614951 -2.171278838608421 -0.02395108553492027 1.9413248757520305 -2.226317028511636 2.9879228354695306 2.8759032173685553 0.06871226785247202 -1.9537996337954526 0.36860554538320806 -1.6301464818205578 -0.29767878629348754 0.1530272037666753 -0.275410149097567 0.10585221030604224,3823	
Centroid 8:-3.0129690112130483 -0.9283490316004064 -2.950049745158003 7.947227115188568 -4.754663812436314 -1.514983690112132 -1.1178672782874592 -1.008520081549438 -0.3337192660550455 0.1764173292558613 1.6993616717635038 1.1915090723751274 0.47317390417940897 -1.9482069317023412 0.07500897043832827 0.7005985728848106 -0.5236780835881772 -0.8042132517838941 0.7927304791029546 -0.21557757390417967,4905	
Centroid 4:-10.397376063361731 -8.60755617483132 2.619308008213555 -0.5885632150190663 1.7421663244353152 0.5022376063361684 3.877313288354358 -1.4532590202405429 -1.550294221179233 -0.6343006746846563 -2.230680258140214 -1.7764194778527445 1.820474332648865 -0.980936931651511 0.579374303314755 -1.3286435904957496 1.28748547961279 -0.8547043121149908 1.0551094162511012 0.3254188911704311,3409	
Centroid 9:6.363193317422445 -1.697565433571993 -2.865924124900551 1.2238087708830498 4.092840592681008 -1.2258750000000078 0.546518396976929 0.5895661296738292 0.16401014319809099 1.0275998408910116 0.4063200079554492 -0.057652844073190275 0.44067183770883095 0.09835073587907708 -0.1999251193317423 0.10613196101829767 0.49765135242641134 0.07991716388226006 0.01525387828162286 -0.12957458233890184,10056	
Centroid 0:-1.7601792331682202 -2.7082735277930685 1.8000605393505824 -3.1783232434415667 -3.3267367455512753 -2.2721928086589593 0.038352962759126835 0.7706864795450378 1.6204887176664817 -1.0834855989726684 0.694034122179417 -0.2558497523390208 -1.6467694001100688 0.6548629609245993 -0.25796551091542735 0.5932830673270967 -0.9578545221060325 0.5309418455329291 -0.09800843881856562 0.965490552192258,5451	
Centroid 5:1.234616506118199 4.92600989325696 2.8064917990106744 1.358179250195258 -1.0107947149179908 -0.9704914084873731 3.2620143191877156 1.7387026815933366 -0.5720100234313966 -0.9419149960947675 -0.2844381671439726 0.870219343920855 -0.1989258005727678 0.3594819057537095 0.38008474355636546 -0.8771245769330911 0.10721713095548055 0.41666180682113985 -0.45428482166102724 0.11778299921895362,7682	
Centroid 1:-13.527693813847925 4.807863223609527 0.3863234960272425 0.33937429057888774 5.61820885357548 -1.4177272985244038 -1.7936963677638995 1.7776115209988692 0.27677610669693525 1.8784849602724192 0.5189795686719645 -0.8738473325766143 -0.44881923950056807 0.07890522133938689 -0.2432914301929622 1.3113623723042023 -0.8072074347332582 0.2448362656072645 -0.650762769580021 -0.34783569807037473,3524	
Centroid 6:1.2790605396521035 -3.0388465963566658 -2.4484860977948335 -2.5891364196685416 -1.9686355293795388 1.5197859197370185 -0.014263525544445932 0.6059476784002203 -1.0357970141076578 2.1737327763320127 -0.5398119435693728 0.6231314888371472 -0.5651447746883995 0.19813326941514844 -0.6587583892617433 0.6160346527872909 -0.00027927681139574406 0.5238505684152858 -0.8658044103547478 -0.395599917819477,7301	
Centroid 2:-2.7772036861105813 4.732308379251385 -8.679537146114372 -2.9944396731901968 -0.2843040091202732 1.883604408132248 -0.9865441763252897 -2.2824628538856206 1.169086072582173 -2.6851789853695616 -0.34587288618658574 -0.36339806194185786 0.0795424662739881 0.9135227056811668 -0.043030590917727665 -0.7774681740452234 0.6573524605738168 -0.07167072012160357 0.09326334790043704 0.16670549116473607,5263	
Centroid 7:4.2639975183025145 2.658481077056707 5.662709393224967 -0.14367489762997956 -0.8680040948008435 0.7041769450304014 -2.574316664598585 -1.6680106712991747 -1.2597866981014993 0.01046333291971683 -1.6084843032634326 -1.8254772304256073 0.20990122844025286 0.7378081647847134 0.02739831244571286 0.9863512842784459 -0.32401972949497376 -0.7735829507383044 0.42259548331058305 -0.6117782603300682,8059	
Centroid 3:1.8990826046939708 -4.274907040957205 5.058293373216758 -0.906243442245744 2.0698831109065807 4.272724804417855 -2.329068338702249 0.20998550391164203 2.291538426138971 -2.183640819144042 2.8885425678785106 2.439373676944317 -0.1382434422457434 -1.3740255407271071 -0.001020018407731335 -1.4985092038656196 -0.02522227335480889 0.08928370915784625 0.17066566958122428 0.1532802577082374,4346	
Centroid 8:-2.588661939440404 -1.1032171330011504 -2.8725268302031384 7.769471061709448 -4.722394212341911 -1.56982119586048 -0.8806941356841677 -1.1120933307780776 -0.01755346876197797 0.3004432732847833 1.59291203526255 1.0727328478344176 0.462298773476427 -1.8199520889229588 0.26286297431966354 0.6911862782675348 -0.5269890762744349 -0.576304522805673 0.6748386354925232 -0.2219001533154465,5218	
Centroid 4:-10.282268181818226 -8.493017329545443 2.4412440340909076 -0.6076252840909089 1.6085957386363623 0.5598460227272738 3.8217465909090906 -1.4221039772727309 -1.6911977272727254 -0.660826988636362 -2.0861718749999962 -1.7882761363636368 1.7061568181818134 -1.0043019886363644 0.6415451704545451 -1.3268647727272733 1.3052255681818186 -0.8806880681818161 0.976142897727273 0.29214204545454525,3520	
Centroid 9:6.443072522392364 -1.579523066551094 -2.6885901955118885 1.1611689299817007 3.870783973803322 -1.5834505441587263 0.519411923336223 0.4465718963690672 0.2187723201386885 0.9359564673023235 0.336196282384668 -0.2117083694500622 0.4122059135124731 -0.08849041702783399 -0.26038668978137514 0.07076538572666857 0.537428007319658 0.18703284214581611 -0.07708273138784562 -0.06854704805932764,10383	
Centroid 0:-2.1963783732421174 -2.852137400228047 1.038347776510831 -3.71157981755986 -3.2098536678069043 -2.782669707335612 0.32884986697073487 0.5531812998859758 1.2782656784492599 -1.0096630558722952 0.9420725959711151 -0.14786259977195013 -1.8686269479285318 0.8567371721778753 0.04135043709616125 0.6264766248574682 -1.260504370961611 0.5434906879513474 -0.03820543519574303 1.0632694792854434,5262	
Centroid 5:0.6606544076361545 6.254419848399772 3.2851626895002886 1.0716587591240907 -1.4415925042111168 -0.4129241998877039 3.720134194272882 2.400264037057837 -0.3257675463222916 -0.36346967995508034 -0.7117318921953969 1.155474031443011 0.1865996631106118 0.41242813026389624 0.6378064289724859 -1.3230183885457611 0.1833329590117911 0.3998687535092639 -0.2791311061201575 0.3846145423919152,7124	
Centroid 1:-14.516401263823102 3.8790284360189546 0.6961921011058468 0.8632714060031602 6.523639178515021 -2.146351026856242 -2.5899551342811957 1.8516006319115415 -0.18001990521327005 1.9787067930489775 -0.16875987361769407 -0.4086982622432856 -0.31214786729857874 0.03895450236966818 -0.15018672985781997 1.2914609794628737 -0.6667339652448666 0.41462085308056956 -0.7131633491311211 -0.2330922590837286,3165	
Centroid 6:1.1556104833219871 -2.7936430224642645 -2.5671837985023864 -3.1944042205581975 -1.8252712049012922 1.686278965282499 -0.09323893805309794 0.8396584070796472 -1.4831575221238928 1.9194068073519395 -0.5010121170864537 0.8765744043567026 -0.4016472430224641 0.055562151123213076 -0.7676850918992498 0.6053207624234147 -0.055254458815520616 0.3386302246426143 -0.9774047651463572 -0.4770856364874077,7345	
Centroid 2:-3.0216128847256676 5.2819478111259786 -8.562850697763315 -2.8676495889887343 -0.14905352705027772 2.1563785127126804 -1.0036287516727196 -2.1542416363983956 1.5327310265723593 -2.5682911489198994 -0.25335977824507855 -0.6397992735614633 -0.11575874593767928 0.7574790670999794 0.12395354616708072 -0.6890307780539106 0.6583809978971507 -0.2107067482316959 0.20263295736952708 0.1409803096922195,5231	
Centroid 7:4.216380059597712 2.3970506580581117 5.704756642662042 0.0759672212565187 -0.7968508815495412 0.6857955053389612 -2.5291506083933535 -1.6433051899677191 -1.2830032282095902 -0.2192824683387132 -1.4372139309659806 -1.9510964738018362 0.18716153464117177 0.836462378942139 -0.038774273652843416 1.1169572883039518 -0.394547802334243 -0.7562341693568387 0.36306270176309785 -0.6681910851750704,8054	
Centroid 3:1.8666937951551188 -4.1467598810029545 5.127839141521449 -0.5122821929451764 1.9474685507862284 3.9172320441988857 -2.261151296217593 0.4154643008924786 2.572875265618362 -2.241929664258394 2.629638971525711 2.2142475563110966 -0.3920388865278364 -1.0442760305992382 -0.3145475988100294 -1.4382600934976604 0.10499298767530833 0.06580174245643862 0.49776391840203943 0.12801232469188265,4706	
Centroid 8:-2.2783803201164137 -1.2933845034558025 -2.817227537286287 7.589289741724268 -4.694034739905431 -1.5391084030556557 -0.6520320116405968 -1.1888008366678777 0.19926755183703196 0.40349781738814156 1.479327755547469 0.9651842488177527 0.4328477628228451 -1.6644114223353945 0.37392269916333176 0.6532426336849773 -0.49830993088395914 -0.38838177519097916 0.5865749363404871 -0.24000927610040043,5498	
Centroid 4:-10.033910181392676 -8.574117905207713 2.315338209479226 -0.5348206553540084 1.3954204212990013 0.8816922176711524 3.9909177881802216 -1.4620014628437696 -1.759983616149793 -0.7776992393212383 -2.084604447045057 -1.8631761263897035 1.6578168519602083 -1.0284031597425398 0.6579722059684021 -1.3262419543592754 1.360373610298424 -0.8530105324751311 1.0106170275014617 0.2834242246928027,3418	
Centroid 9:6.401479748143982 -1.465909407010624 -2.6293307020016865 1.1578486044544711 3.714655859411726 -1.7011833474297537 0.5191028098862872 0.4059177708861956 0.2315288036838648 0.9178543369984028 0.27510976411991295 -0.281299689878769 0.40219340287566896 -0.14007696645052153 -0.23620336434545725 0.07133643454562551 0.5438814021238598 0.2634199793252515 -0.1112392632271405 -0.037660934122733025,10641	
Centroid 0:-2.481635269392436 -2.730206534199466 0.46118761941153974 -3.8806954528085535 -3.192286014520441 -3.1813066488345383 0.445749140236912 0.321543370271302 0.9671006878104723 -0.8080886511272493 1.2001667940389737 -0.16539415361100476 -1.826060374474579 1.033709400076422 0.282842949942683 0.5894606419564418 -1.35857279327474 0.5402168513565136 -0.08760336262896469 1.064041650745129,5234	
Centroid 5:0.33426729278473505 7.024562760882556 3.65273509242696 0.8404405187835433 -1.6402152653548034 -0.09326505664877756 4.0561021168753815 2.3915564997018515 -0.14244469290399517 0.043510137149672085 -0.8152443351222428 1.254943500298154 0.3152093023255809 0.3625739415623145 0.5951957364341071 -1.49827116875373 0.17188849135360734 0.373555754323196 -0.28930456171735297 0.5177990459153233,6708	
Centroid 1:-15.17118849206353 2.9517986111111045 0.9475416666666677 0.9997265211640188 6.950835978835985 -2.7276557539682504 -3.1452910052910137 1.9367357804232865 -0.48731977513227503 1.987996031746029 -0.6972089947089961 -0.07146825396825386 -0.21656812169312156 -0.050741732804232706 0.08797023809523824 1.1514986772486784 -0.4442728174603174 0.48951355820105935 -0.5838029100529093 -0.17492195767195784,3024	
Centroid 6:1.0490564816090404 -2.609172062267524 -2.6142976994076355 -3.6957875740460047 -1.7506346604215426 1.8334693483950881 -0.18841451990632302 0.9941722000275562 -1.6999083895853389 1.7370336134453768 -0.41360297561647597 1.0325449786471967 -0.2940030307204847 -0.07689502686320426 -0.8234809202369461 0.6232858520457369 -0.058100289296046256 0.27079528860724666 -1.0351227441796396 -0.5031392753822835,7259	
Centroid 2:-3.2719247866640204 5.671973804326259 -8.559884103988866 -2.6647944036515283 -0.021938281405040522 2.3995935701528146 -1.0483060130978359 -2.123010121055767 1.8176620361182798 -2.541386981543957 -0.261105378051201 -0.842171462591787 -0.25808235761063636 0.7191027981742405 0.24452113514586243 -0.6198323079976203 0.6692788251637218 -0.34237031156975517 0.20091605477277188 0.1676060726334587,5039	
Centroid 7:4.187122749391721 2.308123479318737 5.646318734793193 0.1675227493917275 -0.8251687347931871 0.6670187347931883 -2.4827474452554767 -1.4994304136253074 -1.2891100973236003 -0.29214598540145864 -1.4003427007299294 -1.9662718978102103 0.20819525547445147 0.8807090024330901 -0.02157518248175205 1.097396593673966 -0.40262871046228715 -0.7336386861313849 0.3212555961070544 -0.6599619221411196,8220	
Centroid 3:1.8267744345718835 -4.163662560581579 5.088140549273013 -0.3916282310177703 1.8786989095314979 3.6156225767366665 -2.1153984248788333 0.5362800888529884 2.767350161550897 -2.3458727786752815 2.376346526655891 2.1229430533118006 -0.5778778271405494 -0.9109040791599381 -0.5088414781906296 -1.4175490710823886 0.10024091276252042 0.04186974959612276 0.6616991114701133 0.10372940226171247,4952	
Centroid 8:-2.054742591618448 -1.4139286340522537 -2.8013515693494635 7.4419815886375345 -4.643216377345268 -1.4741548307908108 -0.4948923373662987 -1.221460985446258 0.29107189198667316 0.48799175872347905 1.3772155006137092 0.9008274592319844 0.3860247238295645 -1.5496507101525496 0.4255495353322789 0.6226310713659483 -0.49525635630370046 -0.27119954409959707 0.5342577590741698 -0.2488933894441521,5703	
Centroid 4:-9.621315155167249 -8.66798915335942 2.1362624284423006 -0.43173184694184985 1.1397945164206058 1.291053028020489 4.254593552274776 -1.5528924374811697 -1.8133395601084634 -0.8996221753540202 -2.126178969569151 -1.9365730641759598 1.6198797830671865 -1.061432961735462 0.6524658029526961 -1.3059960831575723 1.3564929195540836 -0.7934929195540825 1.0857206990057222 0.2787384754444108,3319	
Centroid 9:6.36909522925562 -1.389501113792467 -2.6395403749767885 1.1281944496008942 3.628419899758693 -1.7454987005754652 0.5096218674586935 0.39319509931316204 0.21001800631149048 0.9457440133655088 0.23755485427881945 -0.3065048264340071 0.3976976981622417 -0.1565017635047341 -0.22212103211434983 0.07929264896974195 0.535607295340632 0.2998037868943765 -0.13351355114163746 -0.0013355299795804725,10774	
Centroid 0:-2.6712718355027367 -2.44679833993586 0.06370703640822493 -3.8453604980192364 -3.203170345217881 -3.444953027730612 0.4199217128843612 0.1457958875683829 0.7027798528579514 -0.6287802301452566 1.4151069609507667 -0.19372590077343876 -1.679597245802684 1.1880109413318218 0.3709392567440102 0.5275249952839101 -1.3013239011507247 0.539546123372947 -0.14959252971137466 0.949328617242029,5301	
Centroid 5:0.07824871274769873 7.4661040723982355 3.8390959588079303 0.7834229989077885 -1.5832555780933097 0.10107926353565322 4.370377125916684 2.24581026681229 -0.016041036043064484 0.24380340146668739 -0.7306799812763283 1.2878394445311296 0.35392869402402954 0.33118676860664714 0.46905008581681884 -1.5209794039631706 0.10175144328288264 0.34240255890154564 -0.32187626774847966 0.5823760337026056,6409	
Centroid 1:-15.535357335127854 2.2022806191117046 1.1835787348586821 0.9695568640646012 7.102695154777931 -3.156976783310899 -3.4251604979811505 1.9346396366083487 -0.6073681022880213 2.010278263795416 -1.022252018842531 0.1243765141318977 -0.15408748317631205 -0.09026682368775227 0.25358209959623146 0.9608068640646032 -0.33728936742934085 0.4481043068640657 -0.45650201884253033 -0.14270457604306883,2972	
Centroid 6:0.9967150774477791 -2.459649282364628 -2.620508881625694 -4.035144948131299 -1.770121926957505 1.8856065084553026 -0.2666958931362786 1.0978318885888885 -1.7419610629529638 1.6767314196390475 -0.3717874094074176 1.1105822083274126 -0.22294557339775534 -0.18738311780588318 -0.8340680687793106 0.6635098763677708 -0.03456728719624856 0.28232499644734915 -1.0617859883473033 -0.5040987636777037,7037	
Centroid 2:-3.4595652803641475 5.946452513966488 -8.614477963997501 -2.44447361887027 0.12558638526794913 2.671045520380713 -1.1036050072418777 -2.1382919511690504 2.037800124146496 -2.570067659838615 -0.3395776950134499 -0.9801078005379715 -0.37399979308917763 0.6786445272087737 0.3416112145665217 -0.5473778191599424 0.6819606869439251 -0.43915373474032643 0.14491020070349653 0.2295154148561973,4833	
Centroid 7:4.172952228922782 2.2788140002364936 5.5870976705687605 0.2072591935674591 -0.8602827243703471 0.6518348113988396 -2.444417523944666 -1.3628598793898568 -1.292028497102996 -0.32013385361239177 -1.3960214023885533 -1.9337545228804494 0.21963237554688358 0.8925830672815463 0.013606834574908293 1.0408460446967063 -0.3887703677426975 -0.7232328248787958 0.2908618895589445 -0.6342645146032886,8457	
Centroid 3:1.7640583544057586 -4.254200155611748 4.984389029371711 -0.3719572067691104 1.8430513518770655 3.40739175257731 -1.9391985994942604 0.6064981521104822 2.8994007002528783 -2.4255218829021574 2.1524026453997216 2.089271931530835 -0.7067704726706858 -0.867783116125269 -0.6078708422485896 -1.3721495817934257 0.05551799260844209 0.028367632756273103 0.7439107177591912 0.09034993191986031,5141	
Centroid 8:-1.9400778842862016 -1.4697047244094519 -2.8105782266347124 7.359208661417305 -4.5904359808285 -1.3996730571722005 -0.40987401574803123 -1.2126722013009248 0.306292023279699 0.5235650462170481 1.313930160903799 0.8681372817528253 0.3443291680931186 -1.461930160903804 0.4459688462855178 0.5925922629236546 -0.4906153714481333 -0.199744779185211 0.5174096199931515 -0.2595130092434098,5842	
Centroid 4:-9.159350277264332 -8.731760628465771 1.8928906346272372 -0.3699038817005551 0.9096561922365977 1.7055791743684559 4.521616142945159 -1.6340548367221186 -1.9726645101663565 -0.9627446087492287 -2.1717412199630264 -2.004060998151569 1.5876173752310507 -1.1123271719038823 0.6525110905730128 -1.2428915588416491 1.3273438077633974 -0.712726124460875 1.1656922365988909 0.2925345040049291,3246	
Centroid 9:6.354941772618404 -1.3564140409065781 -2.6607115349179886 1.081463331490696 3.5806192187212313 -1.7410953565505842 0.4983575640316913 0.406132209323751 0.1793909157914129 0.9744720840243202 0.21774682144831345 -0.3126825133591293 0.39718149990786866 -0.1512531785516858 -0.22336530311406022 0.09062133775566593 0.5375873410724155 0.3081431730237683 -0.14553436521098234 0.02419071310116075,10854	
Centroid 0:-2.8247363302752304 -2.12176880733945 -0.2648387155963304 -3.827120917431196 -3.208564403669722 -3.612569724770635 0.339466788990826 0.01530146788990819 0.4492941284403667 -0.5404970642201846 1.5951277064220204 -0.17813412844036655 -1.5195667889908249 1.310939633027523 0.3685880733944961 0.4083328440366958 -1.207207155963301 0.5079238532110076 -0.22278660550458793 0.7914436697247722,5450	
Centroid 5:-0.15919649805447447 7.754271887159552 3.93688748378728 0.7824121271076534 -1.4569090466926153 0.22718385214007775 4.6178249027237435 2.1335740920881974 0.0735413424124513 0.3663972114137488 -0.5922023346303519 1.2929495784695213 0.3914278534370935 0.3030486381322965 0.350335278858624 -1.5031605058365751 0.04102642671854731 0.34515823605706886 -0.3533980220492874 0.6074510376134888,6168	
Centroid 1:-15.773229103214907 1.66713773265651 1.3968602368866314 0.8791458544839251 7.185444331641284 -3.3629780033840904 -3.4694060913705416 1.900331641285953 -0.6356998307952624 2.0579011844331614 -1.176550930626058 0.16384805414551584 -0.06635126903553289 -0.13686869712351932 0.31365752961082893 0.7846906937394239 -0.26791912013536334 0.34733874788494085 -0.41895160744500776 -0.14283925549915422,2955	
Centroid 6:0.9879536752886169 -2.2994267134297774 -2.5875107409031193 -4.2863933947099175 -1.8344464416191708 1.881298407131372 -0.37111822300160763 1.1601527107993592 -1.6930268887914646 1.6502588046178517 -0.33641443811194005 1.168274294899899 -0.165129036972089 -0.2528019874324131 -0.840576793803889 0.6988111939207955 -0.0011186614058161203 0.3393650445710945 -1.093713137512787 -0.49643694286131734,6843	
Centroid 2:-3.6152210957722106 6.142017903364978 -8.685688093183765 -2.2061533649698015 0.2634139344262294 2.914932700603972 -1.1729477998274367 -2.18769197584125 2.200240940465926 -2.605814063848147 -0.4478364969801557 -1.080705780845558 -0.48706902502156973 0.6679210526315789 0.4087433132010352 -0.5131617773943046 0.6845897325280407 -0.5115442191544439 0.07208002588438309 0.31095750647109527,4636	
Centroid 7:4.167880605574032 2.2753495813740146 5.531307374698911 0.22400298199334778 -0.9078528500974885 0.6392671177887381 -2.4113420116985975 -1.2437305883702314 -1.2975739190274125 -0.33828913866269383 -1.401359100814316 -1.887705126734713 0.22203521045991495 0.8924475283862803 0.07093898382842086 0.9687271476086705 -0.3677315059066408 -0.7203922468172931 0.27463722904002746 -0.599908361050582,8719	
Centroid 3:1.7071082729698794 -4.357730270682422 4.889365802516195 -0.4093890583301549 1.82377811666031 3.256994090735795 -1.788032405642389 0.6718057567670588 2.9962102554327243 -2.4884580632863114 1.9699847502859278 2.0905129622569616 -0.8196151353412136 -0.8626006481128498 -0.6897842165459397 -1.337664506290509 0.018519443385436485 0.02332310331681282 0.7902426610751055 0.08456004574914237,5246	
Centroid 8:-1.8725415612881446 -1.5013743045017733 -2.8014108919237826 7.310300286629564 -4.549849772382405 -1.3652903388973194 -0.36121514078570244 -1.1971217332658897 0.31271337042657193 0.5505339740347324 1.2772915191367373 0.8531589951104387 0.3140370932389139 -1.4175641544427602 0.4666605968639346 0.5863318158826499 -0.49392277862080647 -0.1552569549822962 0.5110677794638325 -0.27490692969145136,5931	
Centroid 4:-8.697225138974696 -8.718090487955513 1.5834292773316818 -0.3423971587399628 0.7124660284126006 2.0889894996911695 4.719860098826417 -1.670860407659051 -2.147577516985794 -0.9962736256948729 -2.2156247683755375 -2.04996819024089 1.545540457072267 -1.1511343421865354 0.650052810376776 -1.1607856701667676 1.2673038912909171 -0.671571340333539 1.2234345274861034 0.29528875849289676,3238	
Centroid 9:6.343956967588364 -1.3419690532869426 -2.681217725691263 1.0488419703351062 3.5509554110968664 -1.7221806445705927 0.49146420069584307 0.4219421351400838 0.16102307269730792 1.0007843801501568 0.21459723493865526 -0.3100789232741246 0.3929072514191528 -0.14207910639077193 -0.21874867240432294 0.10191402673502994 0.5329476286394431 0.302309009338947 -0.15677220289324226 0.04564099981688317,10922	
Centroid 0:-2.9479980293801535 -1.7894623790756015 -0.5722862773199588 -3.815925833034763 -3.174806700107488 -3.7327413113579344 0.2722309208169118 -0.043316732353995226 0.24328717305625241 -0.504211393765675 1.7427525976352571 -0.1623925116445716 -1.3821406305983481 1.3859858473665347 0.35409924758151223 0.3151873880329624 -1.1293487997133653 0.47289089931923883 -0.234784485847367 0.6535825868864203,5582	
Centroid 5:-0.3729745276653159 7.95103559379218 4.0360629217274 0.7999299932523628 -1.342296221322542 0.31417257085020134 4.82564271255062 2.0301116734143028 0.13783873144399483 0.4325457152496641 -0.4591484480431864 1.3362457827260457 0.42364321862348336 0.2943582995951424 0.25078542510121504 -1.4753119095816436 0.013383940620782757 0.3958753373819174 -0.3579035087719296 0.6241002024291501,5928	
Centroid 1:-15.891147127981206 1.2658045011756807 1.5970110849848813 0.7897044004030902 7.163895532415185 -3.4805518978837697 -3.417583137386626 1.8535552569701055 -0.6229046019482694 2.0781924756466226 -1.2343967080953977 0.15622774605307332 -0.011258985555928797 -0.15855660060463492 0.3283886462882093 0.6482384951293244 -0.19762479005710396 0.2714625461874368 -0.3965851528384283 -0.13415854887470613,2977	
Centroid 6:0.9911169924812014 -2.133444060150368 -2.5312418045112794 -4.482684962406024 -1.9328081203007441 1.8131380451127788 -0.49973879699248036 1.1929790977443635 -1.6079888721804534 1.6603527819548856 -0.30732812030075274 1.1798809022556385 -0.13460842105263168 -0.30090526315789495 -0.8683129323308272 0.6950463157894724 0.04652481203007514 0.41454616541353484 -1.1303418045112776 -0.4804472180451149,6650	
Centroid 2:-3.7478551538288722 6.299993712104201 -8.751944307208596 -1.98598472939591 0.3936366494498084 3.1639279137659986 -1.2214165730967903 -2.2174486862789173 2.3366476532674656 -2.651344037727377 -0.5409252189535154 -1.1757408488659358 -0.5973673927689187 0.651677969907927 0.4679086009431835 -0.47186660678194337 0.6717745340220069 -0.5949595778127104 -0.022744666516954823 0.3644356613518971,4453	
Centroid 7:4.162232942490233 2.278718927973196 5.486188274706848 0.23842925739810097 -0.9309873813511991 0.6262064768285873 -2.365517141261873 -1.1634718034617575 -1.2941785594639885 -0.3513690675600251 -1.4028671133444996 -1.841958347292015 0.21976839754327188 0.8872684533779979 0.1161592406476826 0.9132231155778894 -0.35117063093243917 -0.7189479620323842 0.26259865996649884 -0.5719231714126218,8955	
Centroid 3:1.6516863110779536 -4.470661879895557 4.785828981723237 -0.470217269675497 1.7852280865348726 3.121830473703833 -1.646562849682948 0.7354968295412136 3.08910406564716 -2.5360824319283846 1.7962834763148046 2.079799701603881 -0.9313222678105196 -0.8558496829541244 -0.7529405072734059 -1.280099589705336 -0.031050913838119993 0.027700671391271955 0.829912719134653 0.11368649757553154,5362	
Centroid 8:-1.837510360962567 -1.5230646724598964 -2.8090539772727197 7.287907085561489 -4.522413937165782 -1.3383502673796783 -0.3376943516042787 -1.181773729946523 0.32939471925133657 0.5847381350267378 1.2379852941176452 0.8453841911764729 0.3042922794117647 -1.3796883355615006 0.4894276403743317 0.5954974933155076 -0.5096761363636371 -0.13684893048128327 0.5113773395721903 -0.2786465574866307,5984	
Centroid 4:-8.250262129996955 -8.67676838571865 1.2822578577967667 -0.3724421727189503 0.5328162953921268 2.3820357033872503 4.844835215135786 -1.720317058285019 -2.3187934086054316 -1.0257836435764403 -2.238646322856272 -2.0522334452242927 1.4924675007628903 -1.1734839792493137 0.6588709185230399 -1.0791757705218188 1.1627046078730527 -0.6253320109856573 1.2339182178822112 0.27457125419591094,3277	
Centroid 9:6.336986146554866 -1.3336645096609525 -2.7074381152023363 1.0220859460444793 3.53976029894278 -1.690474845060153 0.4869395734597154 0.4435587860007303 0.14077561064527835 1.022785362741522 0.21870397375136552 -0.2942284907036082 0.39045707254830536 -0.12868301130149465 -0.21337586584032156 0.11687860007291262 0.5350452971199394 0.2956200328107894 -0.1634390266131973 0.05419413051403562,10972	
Centroid 0:-3.056951561391059 -1.4745143718949563 -0.8714623846699755 -3.82669748048262 -3.1446061036195885 -3.814440205819722 0.21125904897090125 -0.10545262597586952 0.03891713981547201 -0.48657540809084454 1.8785209368346343 -0.12082079488999256 -1.232382718239884 1.4284274308019855 0.3402604684173173 0.22695440028388927 -1.0524183818310848 0.4382890347764362 -0.23182114975159754 0.5238403122782105,5636	
Centroid 5:-0.5176944541332394 8.096387861876574 4.093659748866417 0.8111325427275922 -1.2650052319497749 0.37055197070108103 4.980487268922222 1.9754101848622256 0.18005702825252887 0.4749851761423113 -0.34846302755493647 1.3690751656784113 0.4460554586675977 0.2933069410533661 0.18300976630624388 -1.4575369724450635 -0.019160272061388244 0.43929961632368336 -0.3514633763515875 0.6439452389257073,5734	
Centroid 1:-15.954475935828874 0.9463582887700539 1.7671460561497319 0.6817433155080209 7.156304144385018 -3.588708556149726 -3.337490307486619 1.8194522058823543 -0.6061427139037436 2.084104278074865 -1.2596861631016072 0.13811530748663092 0.033197192513368966 -0.15970153743315446 0.3299809491978608 0.5413977272727265 -0.13500902406417137 0.19298763368983946 -0.3902797459893051 -0.11906784759358313,2992	
Centroid 6:1.0237974547684787 -1.9392988347132731 -2.4683572523765753 -4.633869518552599 -2.016084789941733 1.7407422569763857 -0.6290688439129117 1.2286182152713911 -1.5108998773382432 1.6778618521925759 -0.2892433302667901 1.172624348359398 -0.11269963201471986 -0.3532106715731371 -0.8847137381171445 0.6880886231217398 0.10205289788408448 0.48619211898190806 -1.1491378411530162 -0.4567264642747622,6522	
Centroid 2:-3.8747170822652035 6.413351666278253 -8.822435096714043 -1.7503421113959448 0.49546772314145826 3.4088009787928257 -1.2715847121882995 -2.266022605453277 2.4496781635982297 -2.6758154276392494 -0.6505374038685634 -1.2539286879515281 -0.7016753670473069 0.6230689815893729 0.5190407830342574 -0.44000186436728006 0.6449955721277089 -0.675205546492659 -0.1159028198555115 0.42767280354229714,4291	
Centroid 7:4.1520536905412815 2.2709607435757215 5.456328485511223 0.24720087479497024 -0.9449394204483298 0.6190371787862202 -2.3398964461454432 -1.103614543466376 -1.2908095133952988 -0.36123094587206356 -1.386458064516131 -1.8077218151995604 0.22023433570256945 0.8795145981410581 0.1406717331875337 0.8713949699289218 -0.33781388737014756 -0.7112831055221419 0.24878972115910297 -0.5453545106615658,9145	
Centroid 3:1.5924074142382862 -4.570821283659165 4.699783659166357 -0.5221027296200689 1.7552987827369906 3.027182220582803 -1.530584101807448 0.7879319439321263 3.1658201770564505 -2.5694026189597916 1.6667028771670935 2.07840003688676 -1.0146739210623394 -0.8506582441903379 -0.7912440059018807 -1.230120435263742 -0.07239413500553299 0.0332052748063445 0.8458714496495761 0.12358779048321678,5422	
Centroid 8:-1.813416514976005 -1.5423116001985824 -2.8002644381929516 7.258956313089534 -4.4935805063710195 -1.3213667052788323 -0.31957984444812143 -1.1734851894754255 0.34618897898394785 0.6063902035412881 1.2033753102763516 0.8397310938275703 0.2944979314909813 -1.3513066357769359 0.5047344034419986 0.6064353797782543 -0.5229574714545765 -0.10962981962601354 0.5056301505874535 -0.28168542114843614,6043	
Centroid 4:-7.91190132370639 -8.617746690734071 1.0679202767749703 -0.41644945848375436 0.39070276774969914 2.5893781588447706 4.9213020457280185 -1.752289711191339 -2.460992478941036 -1.0227145006016833 -2.224849879663055 -2.047649518652231 1.4421762936221398 -1.1836982551143187 0.674012936221421 -1.0085367027677483 1.0757749699157626 -0.559919374247894 1.237924488567991 0.26968110709987925,3324	
Centroid 9:6.3342422947540795 -1.3484994090371858 -2.722669151741057 1.010395126829711 3.5398927175197743 -1.6580653695790584 0.4981375579598139 0.45911873806709774 0.12903082098372562 1.0353588508046159 0.22398490771888252 -0.2797030639149012 0.38505782343849393 -0.11019883625784156 -0.20483716701518406 0.12676406946086 0.53370542776616 0.28943722156559487 -0.15974997727066073 0.06172379307209746,10999	
Centroid 0:-3.150192991723895 -1.1840116217643932 -1.1461479133650254 -3.856000704349359 -3.0902456418383544 -3.8770457827082154 0.15440165522098986 -0.14802641310089823 -0.12474854727945081 -0.5131169219933087 1.9936362035569624 -0.07677936256383178 -1.0993122028526119 1.4642098961084677 0.2946476492340202 0.14898327170276454 -0.9834220813523524 0.39770364500792366 -0.20906480014087023 0.41118189822151835,5679	
Centroid 5:-0.6098332437757471 8.208587497761087 4.13974995522122 0.8198074511911176 -1.2166211714132207 0.415092602543436 5.095944832527311 1.9298305570481815 0.2121866380082394 0.5038894859394607 -0.2832371484864773 1.401637112663443 0.4599460863335129 0.30136091706967627 0.15142002507612423 -1.4483284972237127 -0.04444689235178219 0.45712144008597516 -0.3443071825183598 0.6466532330288386,5583	
Centroid 1:-15.998454244031846 0.649108090185676 1.9031349469496013 0.5688415119363388 7.1184307029177765 -3.6864088196286433 -3.266687997347482 1.777229442970827 -0.6075125994694968 2.0709300397878034 -1.2585324933687012 0.09807559681697593 0.0413968832891246 -0.1670116047745355 0.34905503978779834 0.44671684350132573 -0.09873905835543775 0.12576392572944278 -0.3787771883289128 -0.09422148541114057,3016	
Centroid 6:1.0655025633058892 -1.7581637408730748 -2.3972179586764097 -4.729690073015374 -2.085148982445231 1.6567360571694887 -0.7550214385583347 1.2747784682305425 -1.4052867795556974 1.7171569053907056 -0.266184402672053 1.155279167313967 -0.12139583656983104 -0.39631365542954927 -0.9013754854746046 0.6628507068510187 0.16968215006990844 0.5518684169644252 -1.1587693024700918 -0.42895945316141115,6437	
Centroid 2:-3.98362527075812 6.477288327316495 -8.891729001203336 -1.540054632972322 0.5933516245487341 3.6167860409145693 -1.3283720818291216 -2.325065944645011 2.528872202166065 -2.7075376654633 -0.7518620938628184 -1.301948977135983 -0.7755032490974705 0.6105925391095073 0.5504117930204574 -0.41715499398315226 0.6065999999999998 -0.7430789410348984 -0.21067749699157653 0.48891119133573985,4155	
Centroid 7:4.144886356305782 2.2728845285453225 5.429504354370506 0.25937211052574943 -0.9529299000107511 0.6157805612299755 -2.3155527362649218 -1.057354693043762 -1.287854101709492 -0.3716732609396854 -1.3706900333297478 -1.7762867433609264 0.22833211482636315 0.876141705192988 0.1633578109880652 0.8338063649070004 -0.33005719815073553 -0.7031935275776785 0.24463745833781178 -0.525292979249544,9301	
Centroid 3:1.5403401061687716 -4.650878088962105 4.633869851729812 -0.5855182134358436 1.706712429068274 2.9496339007871044 -1.4250426505583003 0.8487726523887957 3.2213278418451567 -2.608273110012814 1.5544530477759457 2.0704611019586343 -1.08955903349808 -0.8607677100494256 -0.819626578802854 -1.1722083104521352 -0.10883928244554275 0.03585191286838737 0.8564784916712436 0.15394636646531207,5463	
Centroid 8:-1.8026083305893976 -1.552438261442216 -2.790613598946326 7.244156568982545 -4.481893315772155 -1.3127133684557095 -0.3179109318406317 -1.1597479420480734 0.3501898254856763 0.6199647678630228 1.1849514323345405 0.8460276588738908 0.292499835363846 -1.3383557787290132 0.5122731313796496 0.6162839973658204 -0.5270474152123815 -0.09458149489627952 0.5021827461310475 -0.2831906486664468,6074	
Centroid 4:-7.601837181764374 -8.572693605683835 0.8834440497335696 -0.4935849615156898 0.25722261693309684 2.7030429248075745 4.964912078152731 -1.7645666074600392 -2.5262190645352267 -1.020986974541147 -2.2105982830076942 -2.020475725281234 1.4074703966844284 -1.1883469508584954 0.6922519242155133 -0.9309854943753675 0.9725654233274108 -0.5183872113676722 1.2069156305506217 0.24502782711663715,3378	
Centroid 9:6.335136194199451 -1.375602145649607 -2.722948904445848 1.0152245658696277 3.5553125738703613 -1.6221649240840075 0.5041121920174558 0.4709742703882191 0.12195508682607495 1.0476176925175016 0.23339939994544961 -0.269907537048822 0.3798036185107739 -0.09673452132012096 -0.19655077734339585 0.13973461223747627 0.5336380580052731 0.27557287026093197 -0.1616319665424121 0.06345913264842276,10999	
Centroid 0:-3.190263010338184 -0.901149640792008 -1.4259595233923228 -3.875852637112333 -3.034947257753634 -3.898228140879616 0.13039267566146834 -0.1973118976695284 -0.2683061152970036 -0.5447615209391979 2.0761156474504956 -0.04063553530751726 -0.9709085333800576 1.5196292272647638 0.2646267741370245 0.07558191694410404 -0.9289978973190844 0.3870494130015765 -0.1641463115472229 0.29466251971263335,5707	
Centroid 5:-0.7019702010968913 8.298585191956146 4.187206215722121 0.8271160877513721 -1.1723087751371135 0.456343510054846 5.197699268738564 1.870727787934185 0.2482753199268739 0.5370416819012814 -0.2289316270566731 1.4216224862888511 0.46688738574040206 0.2936956124314445 0.11547020109689209 -1.4253773308957915 -0.05427842778793402 0.47519652650822525 -0.3451720292504585 0.6503965265082262,5470	
Centroid 1:-16.015069192751266 0.43248467874794033 2.0086075782537023 0.4738672158154852 7.090563426688644 -3.7520678747940663 -3.203553871499175 1.742682701812196 -0.6284685337726529 2.08304118616145 -1.2494935749588136 0.062159143327841636 0.06265634266886336 -0.1705611202635912 0.356209225700165 0.3700991762767702 -0.06519571663920933 0.060583196046128523 -0.3580981878088961 -0.08389785831960474,3035	
Centroid 6:1.1103156494522697 -1.6123823161189363 -2.2967322378716752 -4.773903755868545 -2.148976212832543 1.5744583724569647 -0.8526915492957751 1.3409793427230081 -1.3039068857589995 1.7557161189358352 -0.2510794992175282 1.130088419405323 -0.14868685446009386 -0.4465536776212837 -0.8996513302034482 0.6459397496087635 0.23644162754303666 0.5878372456964024 -1.1750660406885718 -0.39087073552425783,6390	
Centroid 2:-4.078156558185399 6.512207593688382 -8.943886094674518 -1.3254635108481276 0.6761868836291904 3.807632889546358 -1.3767532051282023 -2.355848619329394 2.571270956607497 -2.726110946745566 -0.860198964497043 -1.3301841715976368 -0.8490451183431927 0.6054866863905329 0.5768091715976322 -0.40328624260355006 0.5807822978303739 -0.7989252958579889 -0.3052391518737683 0.5510436390532538,4056	
Centroid 7:4.132725820105824 2.2682170370370422 5.413381693121701 0.2736053968253965 -0.9636729100529084 0.614489312169311 -2.2895673015873057 -1.014264761904764 -1.282255343915342 -0.381602010582012 -1.3618378835978824 -1.744960952380949 0.2309341798941798 0.8721335449735411 0.1860862433862426 0.7989944973544977 -0.31940296296296194 -0.6973173544973542 0.23783216931216822 -0.5057625396825411,9450	
Centroid 3:1.5032087671232879 -4.729839269406394 4.587410776255711 -0.6390049315068517 1.6739199999999956 2.8821673059360617 -1.349679269406393 0.8920288584474878 3.2699322374429403 -2.6292960730593613 1.4730823744292234 2.062415707762556 -1.1503970776255728 -0.8617112328767146 -0.8468332420091317 -1.1242168036529703 -0.14622319634703243 0.03304931506849315 0.8651302283105016 0.18557844748858485,5475	
Centroid 8:-1.8020325443787029 -1.5571738987508243 -2.7821431623931603 7.240751808021037 -4.476348126232754 -1.318300788954632 -0.31440516107823735 -1.1536786653517406 0.3542901051939509 0.6225225180802108 1.1869250493096632 0.8528844510190686 0.29617340565417516 -1.335018902038138 0.5159008875739644 0.6231826101249174 -0.5248813280736365 -0.08292619986850742 0.5035103550295844 -0.2930014792899407,6084	
Centroid 4:-7.374009056383302 -8.534243353783227 0.7405655857435008 -0.5576231375985976 0.13086473853345015 2.791154542798719 4.996926088226692 -1.7658296815658807 -2.5736111598013407 -1.0251028337715453 -2.2063377154542807 -1.9932740286298605 1.363908267601517 -1.1858694127957934 0.701816827344437 -0.8541504528191635 0.8732158924919654 -0.4723196026877003 1.2030850131463648 0.22970727432077143,3423	
Centroid 9:6.334972606479776 -1.401453949763379 -2.726023025118304 1.0191167637422682 3.5698545686203085 -1.5921694575901026 0.5115853658536572 0.4781596286858395 0.12210556971241344 1.0530271204950834 0.2472080451401525 -0.26161348744084434 0.37744084455769944 -0.08194157262468153 -0.190596286858392 0.15048234437568234 0.5319747906807437 0.2698554787040409 -0.15943638514743283 0.06355105569712403,10988	
Centroid 0:-3.2142941278968586 -0.6633418714061667 -1.688129813556366 -3.909987280013957 -2.964331765115875 -3.9014303885694317 0.10578254051228457 -0.26698484056455846 -0.37021258058895296 -0.5871129116570839 2.1306760759714263 0.001355985363303717 -0.8441904512981342 1.5536797351454985 0.22846506359993043 0.006717372364523437 -0.8847337515246592 0.3927825405122844 -0.1302132775744902 0.1814277748736717,5739	
Centroid 5:-0.7793115671641797 8.388761380597042 4.218317723880591 0.8320447761194063 -1.1229044776119408 0.49399309701492544 5.288253171641786 1.8177548507462642 0.27646473880596945 0.570524813432836 -0.17147817164179097 1.4344201492537303 0.4766981343283575 0.29262873134328526 0.082636194029851 -1.4116707089552238 -0.07689458955223902 0.4876445895522377 -0.34258227611940406 0.6585199626865671,5360	
Centroid 1:-16.029768125408246 0.21961103853690486 2.11722926192031 0.39886577400391976 7.046384389288058 -3.794000326583927 -3.115409536250814 1.7070163291966083 -0.6334160679294589 2.0795907903331132 -1.2393830829523174 0.008359895493141709 0.07507707380796909 -0.16782299150881744 0.3614575440888313 0.28900718484650506 -0.023205747877204516 0.00581972566949714 -0.32804212932723675 -0.08204931417374287,3062	
Centroid 6:1.153348885022935 -1.5053457219674165 -2.1988396330855497 -4.788481258896103 -2.2123847857029766 1.5009693183615402 -0.9451685908587693 1.3962949549264614 -1.208131108650957 1.8091091254151512 -0.2413781432864156 1.0903719753281689 -0.19723248458010412 -0.47673461964257646 -0.9076130001581532 0.6320941009014724 0.30374300173968016 0.6261796615530625 -1.1831776055669772 -0.33759576150561493,6323	
Centroid 2:-4.148148157496214 6.532744321049979 -8.987785714285677 -1.13952322059566 0.760213528520949 3.9708250883392324 -1.4277410398788493 -2.3967089853609336 2.607162039374052 -2.7416781928319063 -0.9662665320545198 -1.3430840484603743 -0.9198154972236224 0.5879399293286227 0.6047569409389207 -0.38003609288238205 0.5544449772841997 -0.827153962645129 -0.39812544169611347 0.6066322564361428,3962	
Centroid 7:4.123651773569115 2.261561682536365 5.403802553102443 0.28723365072721596 -0.9623059537511771 0.612352411844721 -2.274517944961815 -0.9771598828084154 -1.278960343203932 -0.3941455477660368 -1.350518572773881 -1.73117338076802 0.24228303861044273 0.8734277492937089 0.20075054933556497 0.7710638275609518 -0.31671214816364907 -0.6876477974259698 0.23515684838338274 -0.4906962435910865,9557	
Centroid 3:1.471189218721545 -4.778909306137315 4.536495720269535 -0.6753421963212554 1.651554179566559 2.8281915862320033 -1.2868577672555115 0.9225565470770356 3.3007067929339073 -2.6439837916590774 1.409731378619559 2.065635221271171 -1.1913319978146075 -0.8671085412493198 -0.8530624658532135 -1.0925763977417624 -0.16653542159898058 0.03269422691677287 0.8587805499908936 0.19190602804589327,5491	
Centroid 8:-1.7972459339576154 -1.5620422211269949 -2.766176605881385 7.234388368654496 -4.484554460325293 -1.3273895186462927 -0.308299326433382 -1.1510026285526533 0.35616379168720247 0.6265559388861524 1.1901710202069955 0.850882207984229 0.30266436668309504 -1.3262319697716498 0.5174608181370134 0.6245971743058975 -0.5179540003285702 -0.0802919336290452 0.5039906357811714 -0.2960821422704121,6087	
Centroid 4:-7.156931253610649 -8.495086655112642 0.6103437319468537 -0.6504289428076246 0.023005488157134553 2.869766320046217 5.013129693818591 -1.7735606585788566 -2.6443373772385894 -1.049030906990178 -2.1934994222992437 -1.9488264009243241 1.3590236857307914 -1.2191663778162913 0.7194347198151356 -0.7832498555748113 0.7656322934719813 -0.44749595609474324 1.167647891392262 0.21520450606585798,3462	
Centroid 9:6.333560473588326 -1.423807559198542 -2.736977322404363 1.0199924408014625 3.5810004553734025 -1.5673546448087474 0.5190377959927122 0.48378378870674027 0.11865300546448071 1.0618284153005437 0.2514746812386155 -0.2514035519125675 0.3742520947176681 -0.06979890710382491 -0.1861204918032794 0.15992814207650277 0.5295206739526421 0.26576020036429904 -0.158820127504553 0.06326393442622939,10980	
Centroid 0:-3.2216098739858436 -0.4479542551355076 -1.9254286207491762 -3.944720697393408 -2.9038983255653363 -3.868425513550826 0.08640169169687546 -0.30923217676506143 -0.4444474365613667 -0.6278717417572949 2.162077162092177 0.04448593129639216 -0.7353543932332138 1.5824220611082316 0.18707198342827486 -0.039332124978422305 -0.8485858795097571 0.3867831866045223 -0.08108700155359923 0.08237648886587282,5793	
Centroid 5:-0.8318097671777427 8.465843649441627 4.2407764527730505 0.8323159189854269 -1.0877834563694868 0.5237374597766428 5.357463751656258 1.765214272193828 0.3064033692977466 0.5922841188718536 -0.1194065871663829 1.452071739541927 0.4718542494794624 0.2860439144425525 0.06289551391254983 -1.3934845731591898 -0.09311981828506538 0.48607722884724563 -0.3382282793867127 0.6643571834185124,5283	
Centroid 1:-16.01221370837375 0.013441965729065714 2.2194177174264427 0.33133947623666377 6.981303588748788 -3.8517022308438387 -3.036590688651793 1.673834788231493 -0.6209023601681222 2.0768092466860604 -1.2159980601357905 -0.027150986097639798 0.07756029744584539 -0.1590339476236661 0.3706188166828331 0.19764112512124113 0.022526996443582283 -0.04766925315227932 -0.31363465890720926 -0.08424183640478511,3093	
Centroid 6:1.2130253408179668 -1.4320631916599826 -2.0727315156375274 -4.771338251804345 -2.265863352044895 1.4390248596631963 -1.0387036086607875 1.4566171611868488 -1.1258768243785118 1.8676444266238952 -0.24014627105052183 1.0392965517241395 -0.2743902165196462 -0.5046856455493198 -0.9158591820368901 0.6272819566960705 0.37929735364875894 0.6421833199679259 -1.1856625501202862 -0.26649414595028037,6235	
Centroid 2:-4.22014282044695 6.570686617004877 -9.006562034420726 -0.9316753146673508 0.836426406370407 4.117958643719511 -1.4799278191625997 -2.4042196249678898 2.6295702543025947 -2.745490367325973 -1.0575437965579262 -1.3437426149499134 -0.9782928332905192 0.5803817107629083 0.6192006164911381 -0.34440868225019217 0.5277315694836894 -0.8411012072951451 -0.4882972001027491 0.6599881839198584,3893	
Centroid 7:4.115771321851001 2.25461101888359 5.3960075741855125 0.29941357128034857 -0.9659189665905776 0.6185139032994416 -2.266991492010797 -0.9443330566507591 -1.2769268520439876 -0.4040059140900622 -1.338245797883381 -1.7196358165594474 0.25029362938368893 0.8796803278688483 0.21783658435359954 0.7467726706785606 -0.31666082174725013 -0.6803050425399451 0.23389551774227002 -0.47721861382029757,9638	
Centroid 3:1.4421905368516859 -4.822168698817106 4.496723566878978 -0.7030915377616036 1.6300773430391218 2.7958451319381186 -1.2284853503184703 0.946596724294815 3.3281495905368685 -2.6628884440400356 1.3609741583257495 2.0751617834394898 -1.2201071883530503 -0.8728294813466805 -0.8612140127388527 -1.0583033666969996 -0.19448862602365843 0.03766515013648772 0.8658298453139218 0.19375286624203905,5495	
Centroid 8:-1.8008232298340763 -1.5653338261869592 -2.7386531953343174 7.223392475768036 -4.498518974864476 -1.3488035156891702 -0.30163150977493 -1.1466714309183519 0.37128930507639185 0.6351844915393469 1.203105142106127 0.8413341547560397 0.3009451289633647 -1.3245053392475825 0.5255910957778867 0.6232492196484304 -0.5152380482996557 -0.07754296040742564 0.5042281912272032 -0.3033693116477736,6087	
Centroid 4:-6.959579097658508 -8.453143346659042 0.4704091947458603 -0.7519337521416324 -0.07003683609366076 2.9439354654483174 5.0257952598515025 -1.7826085094231852 -2.726078241005138 -1.0444280411193594 -2.178993146773267 -1.9030039977155937 1.351623072529982 -1.2364186179326102 0.7277484294688747 -0.7194023415191313 0.6662227298686475 -0.42685808109651585 1.140215591090809 0.1989437464306112,3502	
Centroid 9:6.332428128702935 -1.440896910035548 -2.743444079846861 1.0253264059794023 3.5927044936651105 -1.5443497402242319 0.5257906298423105 0.48980411995260337 0.11373384376993909 1.0688108650077457 0.25435365964816264 -0.23990356394129939 0.3740741044572059 -0.05877322030808493 -0.18308103181113877 0.16734654999544205 0.5269825904657732 0.2582337070458486 -0.1595865463494664 0.05944344180111198,10971	
Centroid 0:-3.203172890025572 -0.25489462915601074 -2.169788235294116 -4.021578175618079 -2.844233589087805 -3.8140291560102275 0.06875601023017903 -0.3571232736572895 -0.49923154305200285 -0.6757965899403243 2.169894458653022 0.09347570332480809 -0.6024291560102324 1.5825996589940314 0.144754134697357 -0.08329923273657272 -0.8205147485081026 0.40286820119352007 -0.048649616368286484 -0.014359590792838871,5865	
Centroid 5:-0.8682986018004225 8.522987358743526 4.263054395709639 0.829354146715189 -1.0483824937751385 0.5376979505841798 5.418737789695474 1.7104349741428841 0.32409461788929356 0.6093210113005179 -0.08048841218157417 1.4642365447232348 0.46671059184064423 0.2782405669412 0.038433441869373725 -1.375542041754449 -0.10438594139053817 0.4863685117793512 -0.3402750430951931 0.6658289599693534,5221	
Centroid 1:-15.982991695943806 -0.16024017885659536 2.294614180772914 0.2445094219099328 6.913860108591511 -3.894106036410091 -2.959746726285529 1.6391705525391278 -0.5955419993612283 2.056992015330563 -1.1849281379750896 -0.052671031619291056 0.07970105397636557 -0.135798147556691 0.37208144362823387 0.1397432130309808 0.06967103161929084 -0.09352666879591182 -0.3102095177259658 -0.07723666560204406,3131	
Centroid 6:1.2847279197670682 -1.3469566483338693 -1.9331232610805569 -4.705197670656757 -2.3111391135554795 1.3804731478485908 -1.1353705920414112 1.528016175994821 -1.023942898738275 1.9395706890973756 -0.23415771594953128 0.9892206405693973 -0.36912148172112585 -0.5166734066645109 -0.9282657715949536 0.618289550307345 0.4636929796182489 0.6590846004529305 -1.1787884179877073 -0.1964343254610163,6182	
Centroid 2:-4.263405793319411 6.575563413361169 -9.020747912317296 -0.7507463465553258 0.874647442588727 4.255886221294378 -1.5262588726513553 -2.3975900313152314 2.6515730688935295 -2.7310983820459303 -1.1340315762004167 -1.3586714509394615 -1.0351983298538598 0.5709256263048018 0.6367116388308978 -0.34575521920667973 0.4914081419624215 -0.8708108037578298 -0.5447593945720262 0.6881542275574132,3832	
Centroid 7:4.105417438748194 2.2521715050442648 5.390738315832801 0.3149461601811822 -0.9690191476219899 0.6233756434012796 -2.249325406629614 -0.9132211241507128 -1.2780596046942592 -0.4150148239654133 -1.3293172740374715 -1.7053993205682478 0.2567513897467566 0.8860534280420012 0.22737204035412764 0.7284824994852787 -0.31173708050236737 -0.6738996294008616 0.22910315009264898 -0.46844780728845326,9714	
Centroid 3:1.414326940639271 -4.861275981735164 4.473924748858448 -0.7160451141552535 1.6292549771689455 2.7703112328767063 -1.184722374429223 0.9578261187214625 3.3587400913242154 -2.6858504109589028 1.3272058447488584 2.0875119634703174 -1.2464779908675818 -0.8750080365296828 -0.867717625570775 -1.050579360730593 -0.21286885844748923 0.039760000000000004 0.876275251141554 0.19468073059360821,5475	
Centroid 8:-1.808566140177694 -1.5680628496215872 -2.716401776900295 7.224328891082585 -4.510855215531436 -1.376098716683118 -0.3004582099374788 -1.1498025666337615 0.3870881869035857 0.6399185587364267 1.2158478117801896 0.8444392892398827 0.3086385324119774 -1.3250862125699303 0.533739058900954 0.6342158604804207 -0.5123863112866082 -0.0649452122408684 0.5048186903586697 -0.3020746956235601,6078	
Centroid 4:-6.7901365043625415 -8.393492541514204 0.3226692935547423 -0.8639290740219521 -0.17580185758513917 3.0005555868280385 5.01434365325077 -1.7980669856459326 -2.823426681677451 -1.0383062200956932 -2.144123839009286 -1.8557830002814533 1.3463976920911904 -1.2707748381649302 0.7507967914438493 -0.647712074303405 0.5623858710948512 -0.4043422459893047 1.0945921756262351 0.18273599774838153,3553	
Centroid 9:6.336159663865545 -1.4607344720496878 -2.745145962732911 1.032083394227257 3.6077394957983167 -1.5275674095725238 0.5315808366824988 0.49411801242236125 0.11089632809645629 1.0746657837047837 0.25496967482645183 -0.23280407380343413 0.37385467665327027 -0.05292254293021541 -0.18004165144318635 0.1743312020460356 0.5229980818414314 0.25193578735842137 -0.1605704238217022 0.05793843624406292,10948	
Centroid 0:-3.1497159474039136 -0.08208428860418059 -2.396636378961566 -4.11902663519893 -2.7784645987862437 -3.758220161834116 0.06219251517194867 -0.40534878624410065 -0.5531382333108563 -0.7355804113283897 2.1620814227916325 0.1405625421443025 -0.47583715441672314 1.5717022926500344 0.10462424140256257 -0.12020718138907621 -0.8032375252865845 0.417977747808494 -0.016506405933917723 -0.09191537424140252,5932	
Centroid 5:-0.9135039767216308 8.572039573229874 4.284098351115428 0.8404162948593604 -1.009115421920469 0.5516521823472363 5.4856694471387115 1.6682446168768192 0.3500915615906902 0.6172492725509218 -0.04456042677012604 1.4722977691561605 0.46530436469447134 0.27940969932104737 0.024625412221144578 -1.3592292919495612 -0.12202948593598481 0.4818366634335583 -0.3445761396702235 0.6600721629485944,5155	
Centroid 1:-15.961665611146303 -0.31784198860038126 2.3604512349588336 0.18612729575680817 6.8617596580114055 -3.9296364787840368 -2.901229892336924 1.6018841038632092 -0.595689677010768 2.0379730842305244 -1.164236858771374 -0.06995851804939841 0.1042435085497149 -0.12567257758074718 0.37995471817606097 0.0838872704243193 0.10313869537682073 -0.1358584547181762 -0.30699746675110784 -0.07307346421785944,3158	
Centroid 6:1.3490394693743872 -1.3057790697674432 -1.7862143792990501 -4.613881428103507 -2.356833442515553 1.3537610547002958 -1.2257436947264975 1.6060065509335124 -0.9113121519816583 2.0345291516541053 -0.23849983622666313 0.9305696036685221 -0.4688783164100886 -0.524793973141174 -0.9334122174909978 0.6205284965607607 0.5506604978709458 0.6533527677694098 -1.153902882410741 -0.1200185063871603,6106	
Centroid 2:-4.32434691717385 6.585187880391628 -9.033200846784846 -0.555376290023816 0.9454665255358546 4.367050807091838 -1.5798412278380496 -2.394238952103725 2.6670375760783287 -2.715606774278913 -1.2208565758137073 -1.3597351151098214 -1.095062715003968 0.5613739084413871 0.6408171473934906 -0.33689865043662276 0.43557845991002914 -0.8999547499338472 -0.6112050807091836 0.7361047896268877,3779	
Centroid 7:4.101131063480655 2.247086247564364 5.388288380678903 0.32898000205107264 -0.9666177827915089 0.6213344272382331 -2.2353804737975644 -0.9044448774484695 -1.2748073018151973 -0.42666218849348847 -1.3221991590606124 -1.6973096092708406 0.26132201825453655 0.8879541585478399 0.23666321402932924 0.7219715926571619 -0.3141981335247661 -0.6748369398010426 0.22691949543636578 -0.4667036201415263,9751	
Centroid 3:1.3832068335465015 -4.884053718253248 4.464260369084598 -0.7218682623789535 1.6305342590900764 2.7498788598574744 -1.145804677507766 0.9655945550886176 3.372201900237544 -2.703911383153661 1.2992857664900412 2.0941891101772336 -1.260453681710217 -0.8728810524392494 -0.8700551799744185 -1.0547421889274622 -0.22791741275351768 0.04476667275717162 0.8827801936780574 0.19362762653023993,5473	
Centroid 8:-1.8074319868095667 -1.5870031327287741 -2.6943780708985963 7.214840395713103 -4.536428524319876 -1.4029398186314888 -0.286833140972794 -1.1581523495465795 0.4026372629843354 0.64901582852432 1.2380822753503689 0.8334760098928293 0.3087206924979389 -1.3264489694971202 0.5384995877988453 0.6392801319043684 -0.5042329760923333 -0.06117114591920847 0.504784171475679 -0.30668474855729566,6065	
Centroid 4:-6.636227336122751 -8.331408089260808 0.18955453277545303 -0.9626440725244071 -0.2594340306834029 3.07453974895398 5.016875871687591 -1.8012702928870288 -2.9103860529986045 -1.0424041841004181 -2.1232549511854977 -1.8173386331938677 1.3466825662482547 -1.3108030683403051 0.7565297071129725 -0.5784248256624827 0.49545383542538474 -0.3739637377963733 1.0582619246861924 0.17103347280334708,3585	
Centroid 9:6.344959193030712 -1.479370472260432 -2.7538604309949477 1.0414257679963355 3.6230853736817905 -1.5165357175607552 0.5349979825767992 0.4939312242090795 0.10866950939935846 1.0781665291150815 0.2574906923429615 -0.2274613480055006 0.3768582301696477 -0.04689362677670804 -0.17888693259972543 0.17828574048601545 0.5203880788629056 0.24739614855570843 -0.16361063732232903 0.053539202200825385,10905	
Centroid 0:-3.0804491245457473 0.07674975222993069 -2.597466138090523 -4.2202324083250815 -2.7031565906838404 -3.684218202841096 0.06129286422200184 -0.4317462834489603 -0.603588371324744 -0.7870868847043264 2.134624215394773 0.18882738685166878 -0.3619760488932937 1.5585125536835134 0.07283465477370336 -0.14574578790882053 -0.7815878757846094 0.44987330690452443 -0.0016101750908489722 -0.17143425834159204,6054	
Centroid 5:-0.9386512490242008 8.599736338797833 4.296645979703359 0.8445117096018746 -0.9867933255269329 0.5592728337236545 5.512810694769715 1.6454767759562818 0.35360031225604965 0.6228676814988295 -0.024118852459016318 1.4750845042935221 0.46743540202966255 0.27960909445745563 0.012897931303669062 -1.3507667837626798 -0.13255054644808734 0.47971194379390975 -0.3491893052302896 0.6594607728337221,5124	
