Centroid 1:1.1381367236348499 3.473124079477569 2.7801383909962447 2.6248706405446702 -1.1901732666388796 -0.15776517993608447 1.28992399610949 2.5423079060719815 -1.2056612477421125 -1.407384048909262 -1.4396126163679313 0.22474642212032703 0.33414714464360173 1.1224986800055596 0.27854078088092277 -0.08756245657913032 0.2913090176462414 0.06426858413227743 -1.0117881061553406 -0.5495321661803523,7197	
Centroid 6:-3.7389040359864993 4.365559040359867 -1.5787358490565984 -2.798483568661748 -2.5504608271898133 -0.8962101711858058 0.33444295889041586 1.919753592402853 1.3420785955266774 -6.62251655629105e-06 1.9308546794951906 -0.7364575784080947 -0.28247469698862876 0.2644671998000758 0.8025820317380978 -0.588188554292139 0.9064442084218407 -0.00706322629014119 0.2249441459452706 0.2814177183556177,8003	
Centroid 2:5.998830620855932 -1.9816077456299008 -3.838914406268833 0.4325788125376751 4.624794002411084 0.23564496684749883 0.7262652200120546 1.262998342374923 -0.5271339662447266 1.535199367088611 1.2605973477998786 0.8908945147679301 0.6623868294153086 1.2078239903556383 0.28751401446654584 0.054041742013261 0.5415547016274852 -0.08680093429776958 0.07975783604581094 -0.08155952380952392,6636	
Centroid 7:4.55218403503533 -1.4063226833880764 -0.03548681198367678 -1.543702299193787 -0.046932815765900346 -0.5749301283965362 -1.559831392455466 0.42117398228326847 0.6199622772967034 1.01874241066985 -0.8190121429282397 -0.4352694336617909 -0.03438807604259993 -0.6448972827709796 -1.2082174778540848 0.440758933014828 0.6278375634517784 -0.559120334428185 -0.7384030058723954 -0.07017487807305635,10047	
Centroid 3:0.5031253977437093 -4.51877437084178 -0.6875931443448062 -1.0718889210297935 -1.8279713624529854 -2.2505838877639563 2.0079636968469727 -1.5781540352907144 1.8811397165172126 -0.818385739080129 -0.2258530517789991 -0.08350043390222746 -0.7984389644200162 0.1882995371709576 0.5610322533989003 0.3822094301417408 -1.783372866647377 1.695511570726062 -0.20167298235464243 0.3453527625108481,6914	
Centroid 8:0.25648104412678646 -3.5780708514605304 4.4349888129272825 3.103926041019265 -0.5526718458669987 3.2425811062771954 0.8571951522684901 2.9645637041640795 2.494266003729025 -3.022919204474829 0.04155997513983841 -0.37754319453076435 -0.019047855811062886 1.1751883157240508 -1.0975804847731523 2.5868744561839656 0.04368427594779362 -0.14992541951522675 2.2247663144810477 -0.25468614045991317,1609	
Centroid 4:-4.545148737461079 3.037979591836732 -4.823094949844346 4.878826011760638 -0.19013576617087502 0.08165928744379111 -2.4196952611553098 -1.1530992736077479 0.4276010031131097 0.7774942926323063 -0.3689413697682468 1.233058111380142 -0.41980266343825745 -2.133871151850571 -0.1412175717744722 0.5047611553095792 -1.6006015219647143 -0.8705243860255995 0.5636679349706009 0.4768164994811476,5782	
Centroid 9:3.4658140262993204 5.201353997077851 6.9225664788144385 -0.9858432477562109 0.7898073471091647 0.7592544353997075 -1.3117837612189482 -4.846930912126896 -2.176500730536416 0.5669319557503641 -1.1096107284491763 -0.357154456272178 -1.0274550198288432 0.4301911918179931 0.376346900438322 0.4667157169693167 -0.6047864746399509 0.2796691713629732 1.0628100605301645 -0.4721840951784595,4791	
Centroid 0:-9.544794859590676 -4.278478026336663 -0.8885018245280025 -0.41717912105346666 1.239934951610344 0.8597480564810422 2.054827859749323 -1.1997693161986365 -3.091726162145023 -0.5235621132793902 -1.0115433920355377 -1.1558484848484867 0.9493203236554004 -0.29122592416309695 -0.548751229573218 -1.0267109313025524 0.7554080596541317 -0.5775487862922408 0.6004937331429492 -0.08294383626844352,6303	
Centroid 5:0.7835621780721135 -4.100242457689484 6.0213259749815995 -0.848614790286977 0.6576766004415013 4.898356512141283 -3.323781089036052 -0.9866662987490805 2.06952281089036 -1.3568395879322992 3.709116261957329 2.1301434878587213 1.0023546725533494 -1.033732891832228 0.790294701986755 -1.818913171449592 0.14868101545253873 0.6002943340691698 -0.7198767476085348 0.36174687270051525,2718	
Centroid 1:1.4158147096407823 4.41056935964787 3.5943267073690226 1.933291779071419 -2.163912963225902 -0.38963453073974363 1.9272368308959196 3.037350560840551 -0.9448614226891963 -0.8919886412040319 -1.5974471106062746 0.26739627999432086 0.4950930001419843 0.8749426380803593 0.6453028538974861 -1.0124033792417981 0.2790897344881438 0.16236049978702244 -0.8697461309101218 -0.04047863126508622,7043	
Centroid 6:-3.5359742541888153 5.443448440266992 -3.315526903691598 -4.568661354038938 -1.5714722789810616 -0.44124833129001484 0.33596635335785235 0.9996440539436053 1.3853554011715035 -0.5006413295191391 2.1726132679471473 -0.7061028470235655 0.19756395586432438 0.28536003269309357 0.34574567497615993 -0.05570535349407446 0.6136898242746198 0.1652055578259092 0.7134838577850443 -0.4176414657403621,7341	
Centroid 2:6.330326066090767 -2.238482517482518 -3.485551624845747 1.006858631564513 4.755246674893726 -0.27004757987110906 0.8447117784176592 1.08683916083916 -0.1755247497600434 1.4806122309063512 0.9927785547785545 0.5467529137529157 0.5507190456602233 0.9394952694364465 0.057337446866858696 0.13914013437542824 0.6077962429727131 -0.11373220896750261 0.14988139311668727 -0.21180351021527605,7293	
Centroid 7:4.867555295167925 -0.7259654056466904 -0.3220493248521376 -1.4935769445374432 -0.38828233456087546 -1.1186285012833381 -1.6296505970315889 0.3995272849012377 -0.03702667113045438 1.0004760629394043 -0.8550613770784521 -0.8279302533199429 -0.06641524383439393 -0.9393654726035039 -1.0887800468697728 0.42892590112710544 0.5585749358330571 -0.29149034705948007 -0.8681611427296032 0.13731067961165022,8961	
Centroid 3:0.07516224604966151 -4.715931433408578 -1.2389034988713303 -0.3706889108352143 -2.971397432279908 -1.9739878668171538 1.9917168453724645 -1.9847859762979705 1.5017504232505627 0.10273575056433439 0.07557731376975176 -0.06901876410835212 -0.7091982223476264 0.4845221501128656 0.537609480812642 0.3660863431151241 -1.5549669864559836 1.5978930586907438 -0.4358559537246063 0.028332674943566553,7088	
Centroid 8:0.710851249053748 -3.6053463285389955 4.743597653292964 2.245763815291445 -0.2973531415594244 2.453859954579873 0.24316161998485913 2.8459560938682857 2.747491672975022 -3.4419814534443582 -0.22851059803179433 -0.10891786525359577 -0.8928368660105992 0.6821926570779726 -1.6575492051476164 1.644445874337625 0.029319076457229393 -0.15071915215745643 1.9956101438304321 -0.2903183194549584,2642	
Centroid 4:-4.902009808895655 2.540481819719263 -5.557689328597981 6.293401826484025 -0.9438310502283129 1.2466279384407233 -2.9021787586673473 -0.8425164890918313 -0.18743091493319722 -0.5296861153390824 -0.6104045323862693 1.3050267207847106 -0.2877576526297985 -1.1055785557246764 -0.31136106883138837 0.42835379671909285 -1.4338077118214099 -0.9088491459496006 -0.0008195501437510024 0.5974136648063596,5913	
Centroid 9:3.510764924506393 5.654247386759602 7.328237630662021 -0.82127549361208 0.8432908246225342 0.686373054587688 -0.6967196283391397 -5.4016025551684095 -2.0846980255516816 0.8508817653890806 -1.3844380952380944 0.04229477351916388 -1.3561119628339102 0.5616299651567943 0.15637142857142894 0.9699433217189297 -0.5317660859465753 -0.38086852497096324 1.1038963995354236 -0.49968013937282313,4305	
Centroid 0:-11.223412807881775 -5.267889326765168 0.9502996715927764 -0.9357630541871935 2.324425779967164 -0.24174712643678142 1.6603206896551705 -0.5997934318555014 -2.3874323481116586 0.2742103448275866 -1.1781198686371104 -1.2496484400656807 0.7810387520525444 -0.5629300492610846 0.2318651888341551 -0.8626658456486073 0.929906896551722 -0.6953924466338266 0.35259917898193693 0.08541395730706064,6090	
Centroid 5:1.8034274969915765 -3.7689666064982124 5.7443932009626995 -1.5976624548736482 1.571478941034898 5.00072833935016 -3.6989256919374247 -0.5414350180505408 1.4478646209386286 -1.0945294825511416 3.7732924187725603 2.171809867629366 0.5449133574007224 -1.3171146209386273 0.7730466305655848 -1.7178366425992782 0.044795728038507836 0.4243552948255122 -0.45611672683513776 0.6957409747292433,3324	
Centroid 1:1.1074441328413211 5.1322336531365345 3.8936522509225053 1.5372642066420696 -2.447348782287829 -0.2593487822878225 2.276366789667887 3.336636014760143 -0.7378309963099647 -0.527280885608858 -1.609911143911436 0.2837995571955719 0.7034098892988935 0.830083394833946 0.767365313653136 -1.3901814022140218 0.22880309963099627 0.3251253136531359 -0.7472637638376397 0.18027601476014735,6775	
Centroid 6:-3.4564156566376782 5.560904035362899 -4.469120775702274 -5.046532154570086 -1.0342964494510194 -0.11451589904463158 0.20482617995151978 0.3713503493512039 1.3669064594324776 -0.9135258805076322 1.9158170540424935 -0.7707955226008845 0.27557536004563 0.20631241979181508 0.29295978896335345 0.1907809781833735 0.5605007842578072 0.10975445601026645 0.8272307143875666 -0.6571662626550688,7013	
Centroid 2:6.447780209324469 -2.309105341851304 -3.2982176158760437 1.151023243169768 4.798957591409536 -0.43802405871958594 0.8843236373521836 1.0354686692945483 -0.0023456571972271236 1.4890140002718486 0.8968844637759922 0.44424969416882015 0.6103347831996732 0.8362010330297637 0.07768343074622826 0.2384648633954058 0.5943717547913534 -0.09998001902949578 0.10866059535136588 -0.23114340084273488,7357	
Centroid 7:4.8709142573383275 -0.24662657250055148 -0.36188446259103996 -1.4650253807106575 -0.5025700728316057 -1.403345839770475 -1.553451555947915 0.4024938203487069 -0.36325535201942283 0.8182258883248721 -0.8635542926506312 -0.9398764069741778 -0.05677742220260443 -0.9398881041712682 -0.9577608695652136 0.40480247186051505 0.4452701390421543 -0.24820492165085006 -0.8287326197307471 0.18256245861840611,9062	
Centroid 3:-0.5109625718486831 -4.651047186205077 -1.6015869536158265 0.3112962170832775 -3.6653951343403297 -1.6251614757385389 1.918440315465855 -2.1303574388450843 0.8611215078198113 0.7438842400748543 0.37518834380430366 -0.15408849084347057 -0.56514810854164 0.5075217216949618 0.6707885309450602 0.3633149311589363 -1.207131265873547 1.3820423740141676 -0.591357973532952 -0.1983078465445809,7481	
Centroid 8:0.8956374836172994 -3.8920707732634416 4.583509829619917 1.098956749672346 0.0675921363040629 1.7421192660550497 -0.058995281782437646 2.410877850589784 3.165027522935788 -3.442898558322411 -0.5037541284403666 0.30357169069462814 -1.4294568807339436 0.2939627785058971 -1.9629543905635645 0.7645336828309306 -0.09237038007863707 -0.2702668414154654 1.768124770642201 -0.3820846657929232,3815	
Centroid 4:-4.728059521700618 2.095091939769708 -5.679253675819293 6.629039503985855 -1.1936430469442016 1.7840046058458765 -2.7803946855624377 -0.7039041629760859 -0.8293567759078821 -0.9355893711248907 -0.7792407440212562 1.4955100088573918 -0.25682143489813986 -0.7909675819309108 -0.49469229406554466 0.21603950398582714 -1.3424921169176207 -0.9006067316209027 -0.01400425155004437 0.6476221434898147,5645	
Centroid 9:3.291392063492069 6.0800312169312205 7.559241798941815 -0.7883373015873024 0.9666460317460353 0.594085714285716 -0.19331005291005282 -5.894262169312166 -2.065134656084659 0.9815288359788344 -1.4864365079365096 0.3272179894179893 -1.6145582010581996 0.5760804232804237 -0.06376587301587307 1.2989886243386202 -0.5040740740740741 -0.5342410052910035 1.0292759259259272 -0.5947566137566124,3780	
Centroid 0:-12.425137781000767 -5.0475467730239325 2.0266560913705556 -0.864988216098623 3.189987853517053 -1.1793923132704853 1.1818756345177646 -0.17494760696156686 -1.7892238941261758 0.6172880710659896 -1.1201985134155183 -1.310577592458303 0.6885594633792599 -0.5638518854242218 0.4303352066715003 -0.8008718274111682 1.0274055474981854 -0.7197775562001444 0.2395348078317622 0.19867095721537348,5516	
Centroid 5:2.3478734533183347 -3.3365494938132847 5.436671259842533 -1.7989451631046192 1.6108270528683903 5.115210348706402 -3.7973093363329657 -0.7069957817772773 0.7209727221597285 -0.7437328458942623 3.943012373453318 1.764607705286842 0.7740607424071982 -1.188097300337457 1.1163568616422963 -1.3201909448818896 -0.192371766029247 0.49665382452193607 -0.412976659167604 1.0871763217097847,3556	
Centroid 1:0.6879516178266171 5.585530677655685 3.991595085470076 1.4212858669108697 -2.480716727716732 -0.006660103785103638 2.581786324786317 3.4870531135531118 -0.5658989621489641 -0.3639252136752153 -1.4332097069597027 0.2554961843711847 0.8661234737484713 0.8284822954822919 0.6702100122100101 -1.4980114468864456 0.15638278388278384 0.478019078144079 -0.6784920634920649 0.25297847985347927,6552	
Centroid 6:-3.4131442380305157 5.48272587222476 -5.136971756532261 -5.247314454009962 -0.8586077631777661 0.05018335598852091 0.05018380909228224 0.004353723002567559 1.3346764839148113 -1.2147595529376283 1.7118682978402042 -0.7788249509137607 0.3024482706539804 0.20328605950762738 0.3623159643558373 0.2469281075366256 0.5883265367769216 0.07907868901978561 0.8895796707446019 -0.739585712128078,6621	
Centroid 2:6.52592459285617 -2.301363213357059 -3.2702574243875655 1.181824141234432 4.803650472149985 -0.513911728479541 0.893158615026687 1.0392093882578328 0.06657082249897371 1.5463285890242238 0.871103051868071 0.36643903106610176 0.6701576570411947 0.811054468318054 0.11131120843027235 0.35792089776926184 0.582751197481866 -0.05494840563842892 0.0787371014096073 -0.18191350759545602,7307	
Centroid 7:4.816305093609461 0.0644332182826064 -0.25750109821148337 -1.4311900428825444 -0.5994171111808381 -1.5808362096015087 -1.4223610500993684 0.44666206463758595 -0.500016943834329 0.6335390649513656 -0.936490639054489 -0.9683747515950243 -0.036600251019767896 -0.8456944880242641 -0.8427407174981678 0.3562600146428198 0.3540464386570448 -0.2662436983579126 -0.7978216713732873 0.14186110239514707,9561	
Centroid 3:-1.020747101541596 -4.651444642629643 -1.7536644158491548 0.8442641100777176 -3.9565300038221363 -1.2484454070582267 1.9491834628615168 -2.106779717161427 0.35908841890686555 1.0543081921263857 0.5387710536374039 -0.2749356605937071 -0.4853476876035177 0.3804994266785582 0.7747649382086874 0.35429455981653735 -0.8855911581093115 1.1473813224614573 -0.5810970824308863 -0.32003172378646916,7849	
Centroid 8:0.7965269655620524 -4.498270521983955 4.2457585011912595 0.1092081438163309 0.2810524149880885 1.5115328135152695 -0.10694000433181744 2.1222887156162034 3.5038475200346633 -3.2789893870478726 -0.7132943469785585 0.7373972276369937 -1.7362540610786164 -0.14095321637426872 -2.0403270521983963 0.2564931773879139 -0.13135715832791856 -0.29458046350444067 1.5812813515269606 -0.41480961663417815,4617	
Centroid 4:-4.653578908142348 1.926234581703 -5.7663102291783 6.7025489100056195 -1.2044171790572047 2.0339426122601036 -2.7096856716974074 -0.6337516303335202 -1.1715912055151863 -1.1001837152971905 -0.9122105459288217 1.6081106763555033 -0.21826513881125367 -0.696109185764859 -0.5950316750512379 0.11212204210918585 -1.3158134898453502 -0.9009409353456318 0.05868026830631661 0.6976266070430416,5367	
Centroid 9:3.033545928716319 6.505892494929017 7.712065488264261 -0.798807302231237 1.0049321935670823 0.5278391770501308 0.30813735149232124 -6.237308895972175 -2.0485743262822385 1.0945421616922604 -1.5795523036800883 0.623093306288033 -1.860068385975073 0.49658649666763316 -0.2037771660388292 1.4954642132715168 -0.4364778325123154 -0.5933155607070413 0.9391457548536691 -0.6832949869603028,3451	
Centroid 0:-13.415726328405926 -4.42240831002797 2.5886242508989157 -0.7753929284858181 3.9397427087495 -2.018602876548138 0.5346747902517002 0.13086995605273635 -1.3013771474230953 0.818032361166601 -0.9815980823012371 -1.2592792648821423 0.5643843387934462 -0.34662165401518163 0.4650723132241308 -0.7820109868158218 1.0494644426687953 -0.6649410707151407 0.09195225729125084 0.24714302836596164,5006	
Centroid 5:2.825594167348056 -2.7463273371490886 5.3793434178250195 -1.6301163804851493 1.522262469337694 5.109451621695272 -3.8697715998909845 -1.0092052330335257 0.00881384573453261 -0.5524279095121267 4.078798582720091 1.184056418642682 1.1909828291087488 -0.8692493867538819 1.4572335786317783 -0.9994568002180421 -0.46437476151539975 0.5096762060506957 -0.31761324611610775 1.369969746524938,3669	
Centroid 1:0.2671714463840395 5.867397911471325 4.022008728179547 1.4550693578553628 -2.38653319825437 0.23489261221945168 2.8581245324189517 3.559620635910216 -0.41005642144638577 -0.3129183291770568 -1.1782662094763092 0.16528522443890256 0.9598084476309219 0.7961209476309241 0.507680018703241 -1.4903201371571095 0.07805875935162108 0.6121726932668345 -0.6689666458852874 0.2455891521197002,6416	
Centroid 6:-3.3350818224814733 5.319230963266596 -5.541394923537766 -5.429879709916434 -0.8857576856377127 0.04025571496137441 -0.12406290398864904 -0.21973309159703544 1.2664590887592615 -1.3932774712281286 1.5401565505281427 -0.6983512533501506 0.31865725997162303 0.23724389090335843 0.45298076619896044 0.2441895002364817 0.6789076146933632 0.08988806558410864 0.964756582058963 -0.7388588995743327,6343	
Centroid 2:6.565965879623312 -2.3008333560802523 -3.256897229425403 1.1851587279923554 4.764498293981156 -0.5713188207997812 0.8754424730449045 1.0192863382011734 0.09542827896819997 1.5969000955370536 0.8463635867339967 0.3038886310904881 0.7009695646239953 0.7825404667667575 0.10082161867067034 0.4153274191347064 0.5901680087348165 -0.02309635594376965 0.053325917838132925 -0.15384823256448746,7327	
Centroid 7:4.741743854084059 0.28981185567010265 -0.0871405630452023 -1.365725317208569 -0.7381925059476614 -1.6668760904044533 -1.3118898691514744 0.4759919706582055 -0.5690212133227602 0.4687031126090426 -1.028158901665343 -0.967199345757337 -0.012042426645519435 -0.7234544012688355 -0.7426099325931761 0.33168586439333925 0.27256026962727975 -0.3077476209357645 -0.7888810467882618 0.06589760111022992,10088	
Centroid 3:-1.4136943693139878 -4.72308150971232 -1.7668898450946688 1.2203856651094203 -4.01437570690926 -0.9181054831571168 2.03287078927957 -2.059060609786085 0.004670395869190988 1.1330549545119246 0.5821234325055314 -0.40520420457339695 -0.42859011556429916 0.20254106220801496 0.8246924022621083 0.324720924514384 -0.6264466437177306 0.9638175559380365 -0.49150749938529703 -0.35229616424883015,8134	
Centroid 8:0.5810131894484418 -5.094307753796947 3.852360511590721 -0.6837092326139078 0.4066566746602719 1.58985371702638 -0.023080335731414808 2.006777577937646 3.6386594724220678 -3.0514776179056766 -0.7959132693844935 1.058410071942446 -1.8995003996802562 -0.5071023181454829 -1.9922537969624314 0.11339568345323764 -0.13972841726618776 -0.24269584332534014 1.434058153477216 -0.30854856115107904,5004	
Centroid 4:-4.64818229674401 1.9178531877558953 -5.871883018132173 6.708439266913655 -1.1169495028270653 2.2046878533827186 -2.715298303762906 -0.6098102944043687 -1.307080912458571 -1.2275607330863756 -1.041572626242929 1.6742653538701517 -0.1914852797816337 -0.6324427763696618 -0.6529264963930589 0.06002612595047777 -1.342095535192042 -0.8953388574770927 0.08245700916357951 0.747029440436734,5129	
Centroid 9:2.7463321633694955 7.004168155711527 7.839549457562231 -0.8376971920867871 1.0563746011486934 0.4611400765794502 0.8951461391193357 -6.563864071474141 -1.9855299936183821 1.249316209317165 -1.6721528398213164 0.9914961710274409 -2.128167198468406 0.38633056796426385 -0.3075335035098915 1.6590194639438411 -0.3464904275686024 -0.6764865985960421 0.8360603063178079 -0.7513455647734515,3134	
Centroid 0:-14.167944662309376 -3.8177723311546865 2.905874509803915 -0.7569684095860577 4.5177616557734135 -2.754109803921564 -0.11978845315904176 0.36086949891067527 -0.9037891067538104 1.040104575163403 -0.8334272331154671 -1.1271766884531589 0.4499999999999984 -0.10681067538126336 0.477757516339867 -0.7646553376906298 0.9463843137254899 -0.6492267973856195 -0.06414052287581688 0.23075882352941132,4590	
Centroid 5:3.223609126466767 -2.0366026075619246 5.576531160365057 -1.2005199478487658 1.508471707953062 4.858219295958262 -4.031104563233378 -1.2964878748370272 -0.39283102998696134 -0.5025058670143395 4.071657627118644 0.6207319426336361 1.4076443285528044 -0.4291989569752284 1.5661530638852672 -0.9340565840938724 -0.6403037809647991 0.4805147327249032 -0.048570795306388415 1.4220229465449805,3835	
Centroid 1:-0.15400500645994794 6.10351744186048 4.055650355297153 1.5462522609819174 -2.230427487080109 0.47289405684754526 3.102910691214467 3.6162868217054234 -0.2621973514211892 -0.30622335271317824 -0.9420537790697667 0.05691279069767428 1.0323895348837167 0.772378552971575 0.35101243540051696 -1.4700179263565922 0.00115487726098193 0.7397404715762271 -0.6849626937984522 0.20297868217054282,6192	
Centroid 6:-3.2008602444515795 5.113110807333559 -5.755990833065303 -5.592836442586051 -0.976037311032486 -0.06223962688967501 -0.2450189771630742 -0.32600032164683174 1.1543361209392113 -1.4539821486008355 1.4396834995175294 -0.5779963010614365 0.3760400450305558 0.263805242843358 0.5036124155677068 0.2022579607590864 0.7237040849147628 0.11349597941460282 1.0358311354133138 -0.7067531360566082,6218	
Centroid 2:6.5809518780911604 -2.2741158935971195 -3.238987969522784 1.1930549391792584 4.712167357305178 -0.6591575992514396 0.8354424542173513 0.9635047453548997 0.11947600588156697 1.6016679588290297 0.8091407565833446 0.23887474936505856 0.6908474802833848 0.7077924074321613 0.0587742280443792 0.4051283250902278 0.6108559016174326 0.008123111883438103 0.027491244486031317 -0.14176126186338728,7481	
Centroid 7:4.642173718315214 0.49141747665332625 0.14499028016009172 -1.2873500095292487 -0.9283071278825965 -1.711668381932546 -1.2307957880693756 0.5476584715075278 -0.6158808843148473 0.35154945683247585 -1.1377910234419644 -0.9392517629121463 -0.01884457785401178 -0.6206586620926234 -0.638575566990658 0.3181790546979221 0.21826376977320444 -0.37301963026491297 -0.8031545645130544 0.008324757004002275,10494	
Centroid 3:-1.760684072171106 -4.800263591826984 -1.7224496355598076 1.522934400764734 -3.964955789222122 -0.614146254032739 2.157001792328847 -2.0261035966065255 -0.27657306727207615 1.1320587883857105 0.5636374716214595 -0.5443008722667001 -0.34464834508304526 0.04297144222726731 0.8556095112916682 0.2638067869518464 -0.40848488469351246 0.8222588122834257 -0.40600884215557614 -0.3589022583343273,8369	
Centroid 8:0.40054164295200195 -5.571889015367098 3.5413414911781493 -1.2987734775184987 0.4341529121608796 1.7419998102826768 0.05039802693985963 1.8867546955036987 3.6313826598368437 -2.8233485107190304 -0.8076456080440152 1.2615666856383994 -1.9628548662492935 -0.7732889394801751 -1.8801540504648084 0.10290077784101695 -0.19069929804591182 -0.16998785809144398 1.2798856004553203 -0.1721464617719598,5271	
Centroid 4:-4.673521306818186 2.0513624188311708 -5.987056615259742 6.70862784090909 -0.9998368506493549 2.315704748376619 -2.791778409090904 -0.6038323863636357 -1.298020089285718 -1.3284056412337653 -1.1568216314935063 1.7155188717532441 -0.18127008928571414 -0.5777159090909089 -0.6863336038961031 0.046626623376623474 -1.3864456168831132 -0.8603005275974024 0.06325202922077917 0.8013774350649359,4928	
Centroid 9:2.395111354508951 7.674163563344285 7.939658269441399 -0.914149324571011 1.1316673968601687 0.3353088718510403 1.7289215041986181 -6.982962029937949 -1.9176407447973758 1.478037604965316 -1.8045983935742969 1.6307155896312533 -2.522744067177798 0.20880102227090155 -0.3603884629426797 1.853012413289519 -0.13919532676159174 -0.8113859072654244 0.7369642205184366 -0.7618747718145299,2739	
Centroid 0:-14.71148021667451 -3.2650200188412657 3.0578167687235025 -0.8462371643900171 4.952238106453123 -3.3700056523786985 -0.7452590673575106 0.5244644371172866 -0.6586629769194521 1.230862458784742 -0.6856926519076786 -0.9473031088082908 0.32324470089495955 0.10388436175223732 0.4923589260480453 -0.7132545925576999 0.7706650965614706 -0.6516895902025424 -0.2243789448893077 0.1829175694771547,4246	
Centroid 5:3.562821270310192 -1.346782619399311 5.883355243722308 -0.7559598719842456 1.4943732151649407 4.506719842442138 -4.222785819793213 -1.585004677498771 -0.5843877400295427 -0.5078801083210225 3.9051706056129984 0.07757163958641025 1.467782127031019 0.08383628754308228 1.4703993106843931 -0.872497291974395 -0.7379995076317095 0.444090841949779 0.317333579517479 1.3237203348104347,4062	
Centroid 1:-0.5117876285184554 6.288562784426096 4.089068599359508 1.6187444800269686 -2.0926162143940727 0.6607144783414812 3.2955022754087384 3.669295128939825 -0.13581510197202015 -0.3250635428956685 -0.7597261082083281 -0.025289566829597022 1.0749255014326615 0.7538784763188935 0.235249115118826 -1.475799764031688 -0.03253935614360347 0.8631208494859263 -0.6784776672846812 0.17453649081409095,5933	
Centroid 6:-3.065238064619832 4.894521941810013 -5.828403311364747 -5.698363767882967 -1.054175212988266 -0.18912714997588811 -0.28157755987783223 -0.36650152708567796 1.0172621764989567 -1.4763841826072999 1.4045523227776877 -0.471126828484169 0.44475791673364506 0.29035958849059634 0.48723259926056983 0.1734713068638483 0.7191003054171347 0.15748095161549616 1.0462374216363923 -0.7034205111718355,6221	
Centroid 2:6.582264773895173 -2.2272317574511846 -3.199558067831439 1.1953665210688624 4.635676901336065 -0.7735860739979469 0.7906986125385378 0.88015634635149 0.1378475077081194 1.5589024922918793 0.7581491521068847 0.169948355601233 0.646566161356627 0.5865755395683432 0.0024640287769784807 0.3805480472764633 0.6217079907502555 0.042730087358684526 -0.00839324254881812 -0.13477736382322747,7784	
Centroid 7:4.522046385485807 0.6490490040213214 0.3866773590199191 -1.2083326475264207 -1.1412366033853898 -1.6874572150004823 -1.1553591134386982 0.6358008977835988 -0.6592718600953893 0.2773008510240356 -1.2507582530627503 -0.8831627232769111 -0.04989076966239606 -0.5327716262975783 -0.5335078088469069 0.30849705414757206 0.19340634059665215 -0.43183549985971936 -0.8256252688674841 -0.032282708313850134,10693	
Centroid 3:-2.0714439995289156 -4.847224590743145 -1.666992815922745 1.7836352608644517 -3.901109881050512 -0.39161641738311015 2.231381580497004 -1.995409374631964 -0.45647356024025454 1.123780237898951 0.5453885290307375 -0.6567343069132008 -0.2907379578377103 -0.05388894123189292 0.868240372158752 0.19221446237192324 -0.24854622541514523 0.7234371687669293 -0.33821775998115583 -0.3620731362619237,8491	
Centroid 8:0.2837686209439542 -5.851073193215354 3.3432079646017763 -1.736669800884961 0.41956526548672535 1.8372334070796494 0.08555825958702053 1.771978429203543 3.579964601769917 -2.665336283185837 -0.7970599188790561 1.3762131268436575 -1.9245929203539818 -0.9203895648967572 -1.766605457227134 0.12242348820059007 -0.2708727876106192 -0.12670169616519175 1.1343764749262515 -0.07067957227138641,5424	
Centroid 4:-4.672754939050037 2.2304220260613676 -6.125591424968475 6.694689365279539 -0.9084922236233713 2.3631511139134047 -2.9101092896174814 -0.6335567465321545 -1.2002721731820138 -1.4052042875157598 -1.252745691467004 1.7814312736443916 -0.1647942412778469 -0.5196719209752002 -0.7026794871794876 0.054743589743589796 -1.4407450609499763 -0.8289804539722573 0.03680474989491383 0.8715609499789816,4758	
Centroid 9:2.07296011754828 8.407335012594444 8.002853904282114 -1.0454798488664985 1.2058660789252713 0.24596305625524742 2.6623497061293038 -7.420756507136873 -1.7666670864819498 1.7821721242653221 -1.853900923593617 2.3472586062132677 -2.87656549118387 0.017437867338371 -0.41741225860621345 2.0184038623005875 0.045104953820319024 -1.0169869857262799 0.6697359361880779 -0.7011263643996648,2382	
Centroid 0:-15.047691444250448 -2.8645946620104827 3.0995946620104706 -0.9024287852332266 5.261353704165624 -3.7775712147667724 -1.1988750311798395 0.6717433275130963 -0.5612486904464938 1.4003150411573995 -0.6068717884759293 -0.8102990770765801 0.1770907957096531 0.2006607632826143 0.5425520079820404 -0.651153654277875 0.6270875530057364 -0.664127463207781 -0.30904040907957075 0.16638114242953353,4009	
Centroid 5:3.7628037166085972 -0.8464041811846674 6.142117305458769 -0.4657277584204406 1.462022764227638 4.18420673635308 -4.34193286875726 -1.8147094076655057 -0.676071312427411 -0.5195484320557471 3.656552845528461 -0.35288385598141664 1.4385019744483187 0.4470390243902437 1.3073242740998834 -0.7773212543553999 -0.7830192799070841 0.405379558652729 0.6027335656213707 1.1733105691056898,4305	
Centroid 1:-0.840113063542777 6.464785232516858 4.108037806176775 1.6723958111466155 -1.9466971955981598 0.8117825701100457 3.471255768548107 3.720896698615547 -0.0616169684061058 -0.32011608093716687 -0.5871506922257722 -0.07147710330138465 1.1227461838835588 0.7430282215122471 0.15072594959176472 -1.4893878239261624 -0.06577635782747601 1.0173336883209092 -0.6618860489882888 0.1602266595669153,5634	
Centroid 6:-2.935059224069672 4.691566270783843 -5.8394378463974785 -5.748267300079179 -1.1365847980997636 -0.29846144101345934 -0.2822242280285028 -0.3931857482185268 0.9023545526524163 -1.4756581155977846 1.3702033254156767 -0.3928258115597804 0.5032986539984166 0.3081125890736343 0.44789770387965194 0.13511306413301624 0.6768894695170232 0.18952129849564528 1.0166707838479812 -0.6893724465558194,6315	
Centroid 2:6.5740129854220415 -2.1641886561313246 -3.1576983951978366 1.1940452039691276 4.540143452162195 -0.908977704275392 0.7459293152027426 0.790853240230308 0.14136261178488316 1.4902671811833883 0.6955502878843532 0.09900012250398102 0.5856988852137697 0.44604054881783833 -0.05880068602229577 0.34955959818694005 0.6260573318632855 0.08222197721425939 -0.04527134631875528 -0.12334864633100598,8163	
Centroid 7:4.390578050823782 0.8200835893139705 0.6348754537838591 -1.1221645722796276 -1.376742250767941 -1.637630550125676 -1.1003913245834571 0.7427312668714519 -0.6819334450339779 0.23932095317881247 -1.3601426044866356 -0.813313785720933 -0.07410174066834209 -0.43879419156660304 -0.42746783952340933 0.28739998138322653 0.18836274783580012 -0.49695103788513306 -0.8376790468211865 -0.05947658940705567,10743	
Centroid 3:-2.2638693550288953 -4.867666784577291 -1.6514493573871032 2.024487088786697 -3.8682894705812867 -0.2801315882561003 2.2571447942459613 -1.9770601344181107 -0.5308514326140797 1.1295558306803484 0.5469573163542042 -0.7254275439217052 -0.2963137601697918 -0.111226624218842 0.8756040561254523 0.13249652163659925 -0.15228310340761722 0.6463737766772782 -0.27957917698384555 -0.3601808748968277,8481	
Centroid 8:0.23358475499092693 -6.005754446460987 3.208097822141562 -2.022370961887485 0.4012312159709609 1.9036686025408358 0.09339019963702337 1.693145190562616 3.5090823956442856 -2.569614700544463 -0.7736078039927399 1.4652373865698707 -1.8759854809437329 -1.0162900181488232 -1.6677647912885616 0.1502949183303085 -0.3581791288566242 -0.09739110707803987 0.997324500907439 -0.027227223230489882,5510	
Centroid 4:-4.734383924660552 2.415584099868602 -6.25573696890056 6.7229380201489395 -0.8051449846692936 2.4199345159877295 -3.0405639509417393 -0.6684730617608399 -1.1203926850635153 -1.4784875164257558 -1.3536099430573798 1.8608125273762595 -0.1391533070521234 -0.46531033727551385 -0.7192323696890052 0.08313074901445477 -1.5002522996057779 -0.7814189662724489 0.012451379763469172 0.9305611038107763,4566	
Centroid 9:1.733906264945005 9.03524964131995 8.013423242467715 -1.1417025346724055 1.2616953610712565 0.15645241511238672 3.6026824485891926 -7.808626972740316 -1.541953610712578 2.0449191774270643 -1.7810157819225267 3.053157340985172 -3.1860717360114714 -0.14307890961262548 -0.4853405069344814 2.2073754184600647 0.23202678144428485 -1.3199808703969405 0.5762687709230047 -0.6061846006695362,2091	
Centroid 0:-15.182996931731005 -2.662379953975967 3.074340322168241 -0.9452334441319377 5.401022244950152 -3.894859115315776 -1.3801281002301184 0.7534270007670664 -0.5592843262592689 1.471236512400921 -0.5885441063666578 -0.7720260802863744 0.11705804142163147 0.2261971362822812 0.5644188187164408 -0.6221853745845058 0.5789552544106367 -0.6689953975965226 -0.3230311940680126 0.16360802863717733,3911	
Centroid 5:3.8621188399476654 -0.5142841255996511 6.280526384648946 -0.31769188835586515 1.393933057130392 3.9406720453554294 -4.351208896641963 -1.9716718273004856 -0.7583039686000884 -0.5051637592673323 3.3632852158743956 -0.6472126035761026 1.3533735281290886 0.6614633667684283 1.1415931094635845 -0.6339969472307017 -0.8018654600959447 0.3802337549062364 0.7731295246402125 1.02015569123419,4586	
Centroid 1:-1.0950722597597582 6.665141141141143 4.091222785285283 1.705711524024026 -1.8276615990991043 0.9389748498498515 3.661796734234228 3.7611417042042086 0.03212331081081081 -0.29923123123123063 -0.439701201201202 -0.09912406156156181 1.1734692192192149 0.7215065690690687 0.08745927177177204 -1.5346402027027033 -0.1080234609609613 1.145662349849849 -0.6459637762762782 0.15903603603603605,5328	
Centroid 6:-2.813142345986311 4.486874455507156 -5.809155569383956 -5.7888795892968306 -1.2090936527691332 -0.400497199751089 -0.27446515245799574 -0.39263394523957756 0.7778935905413826 -1.462437461107658 1.3454243932794026 -0.32186403235843264 0.5483918792781588 0.32444197261978874 0.4067269757311775 0.09303671437461095 0.6343501866832607 0.2294282825140014 0.9914542626011191 -0.6831113876789043,6428	
Centroid 2:6.543498662324071 -2.0809038036524354 -3.120792834709776 1.183375247179247 4.413434453879264 -1.035500872397349 0.6958706525532161 0.6978323833895577 0.1322376410375714 1.4213823426776773 0.61953297661975 0.03434430615330931 0.5287344422472967 0.31856822147260716 -0.1315812492730024 0.3106645341398167 0.6280523438408737 0.1214043270908455 -0.07878504129347443 -0.11351285332092595,8597	
Centroid 7:4.2687108275473795 0.9843477200225194 0.9223274535560196 -1.0507592418840281 -1.5760835991743238 -1.5497990242071726 -1.0611733908800924 0.8613658284856468 -0.7121018014636911 0.21202711578157246 -1.4671485269281288 -0.7662323137549287 -0.10452223681741422 -0.33767967723775555 -0.3143577594295367 0.2814773878776492 0.1971390504785139 -0.5665233627322187 -0.8443796209420157 -0.08565227997748152,10658	
Centroid 3:-2.3717989580866736 -4.827941629173559 -1.6444460099455407 2.270482240113664 -3.8730634619938504 -0.24394115557660315 2.2373627752782377 -1.9602803694056439 -0.5528872839213836 1.1432721998579225 0.5827753966374615 -0.7620468860999274 -0.30946365143263044 -0.12805245086431413 0.876042742126448 0.09947560975609736 -0.08263189675586062 0.5911251479990539 -0.23998472649775016 -0.37391581813876285,8446	
Centroid 8:0.17415542104326137 -6.1070297311732284 3.1112896564002197 -2.226165212747029 0.36227950863450226 1.9463847249421429 0.13035089905643563 1.6209886060174492 3.422147587680254 -2.4909706248887247 -0.7604586077977563 1.4985949795264366 -1.806628627381161 -1.0853071034359985 -1.5758903329179248 0.17563663877514682 -0.4286469645718355 -0.08867562755919527 0.9019159693786719 0.03178707495104147,5617	
Centroid 4:-4.8008884362978135 2.5762808327675955 -6.3899246435845 6.71072686128086 -0.7056809232858132 2.4838748585652795 -3.1481199366372428 -0.6990271554650382 -1.0483806291016078 -1.5529174021271783 -1.4529963792713283 1.9091253677302547 -0.13366463000678871 -0.4214887983706727 -0.7322729124236249 0.09930821452817337 -1.5513500792034391 -0.7390319076714185 -0.014372708757637461 0.9972167911292162,4419	
Centroid 9:1.3458284946236567 9.606696774193558 8.029766666666678 -1.1985822580645162 1.3244973118279555 0.13189623655914026 4.475993548387096 -8.152106989247308 -1.288760215053763 2.2804129032258045 -1.594493010752691 3.671112903225806 -3.41145376344086 -0.2801634408602149 -0.5964795698924727 2.4343048387096733 0.40539516129032344 -1.636588172043009 0.49052419354838794 -0.47923709677419396,1860	
Centroid 0:-15.24809543568467 -2.5564343879668057 3.03730031120332 -0.9643405082987586 5.488344657676362 -3.951267634854775 -1.473489626556019 0.7968420643153515 -0.5675477178423242 1.505747147302904 -0.5876141078838175 -0.7492971991701253 0.08683635892116195 0.23053345435684644 0.5802619294605817 -0.6098853734439835 0.557464989626556 -0.6810772821576766 -0.3305718360995846 0.15209076763485505,3856	
Centroid 5:3.9074658735128285 -0.27074702567313746 6.371965142976419 -0.2588797745773341 1.3610995616781465 3.786692131079104 -4.334516593613039 -2.0993375078271823 -0.8432421206428757 -0.48783009810060246 3.1330139845543674 -0.8091446462116475 1.283198079732834 0.7534295554164073 1.033565852640367 -0.5304310164892515 -0.8238476309747427 0.38682780212899226 0.86074222500522 0.9007574619077429,4791	
Centroid 1:-1.353296893667863 6.87124910394265 4.04982158502589 1.7419097968936688 -1.6972499004380766 1.076929908403026 3.8688295499800844 3.798494822779769 0.14808522500995586 -0.30357287933094385 -0.26933253683791347 -0.13929749103942665 1.211901035444047 0.6861342094782972 0.025147949024293074 -1.597866188769415 -0.1599739147749905 1.2753839107925118 -0.627131222620471 0.15427917164476304,5022	
Centroid 6:-2.691913109524533 4.276605954731885 -5.763920856752253 -5.815517393285752 -1.274695123803733 -0.506506607929516 -0.2648455111651215 -0.3970341789457694 0.6407397842928753 -1.4128654109068821 1.3220397994835178 -0.23817514810876436 0.5911087650007592 0.33194181983897925 0.35643278140665474 0.07377046939085499 0.5836182591523629 0.27238006987695584 0.9582334801762106 -0.6825009873917658,6583	
Centroid 2:6.497096192162945 -2.007874252822666 -3.0726547487270244 1.1642177330086378 4.280511622758467 -1.1400275625415082 0.6523026344919178 0.6173743635156089 0.12646347133052965 1.3555761567412024 0.558464799645781 -0.010383772415319877 0.48062209431038505 0.2059133274297095 -0.19026754483064004 0.2687767323444767 0.6240526898383869 0.146800863404915 -0.11046812043391623 -0.10473411556342717,9034	
Centroid 7:4.16122851988984 1.1781444033039037 1.2587131871261805 -0.9746563182379187 -1.7577390107281852 -1.4442779834804929 -1.0448974651096585 0.9820521219025946 -0.7415493211810525 0.1868939523402635 -1.6052630779454977 -0.7444934016899262 -0.11778515142884284 -0.21876160637994876 -0.21194683376056275 0.2825540681667124 0.22070331339599325 -0.6377470806038139 -0.8365367891388956 -0.10725700180385447,10533	
Centroid 3:-2.4359762667616023 -4.776764447608866 -1.6537111664886732 2.4951689806574167 -3.8979600094932865 -0.24564946006882593 2.1978705351845327 -1.9453901744393065 -0.5587160318025398 1.1496227601756281 0.6250861516553947 -0.777450812863413 -0.3330093746291686 -0.1571199715201141 0.8680035599857562 0.08065171472647392 -0.037662276017562404 0.5376335587990971 -0.19736786519520494 -0.3715396938412231,8427	
Centroid 8:0.14416359163591638 -6.173011597258845 3.0279446494465057 -2.3649131962748275 0.34151010367246504 1.9894071340713386 0.16917747320330287 1.573207344930594 3.3283502020734583 -2.437664382358106 -0.7493992268494106 1.5251570901423306 -1.748191179054645 -1.1413389562467071 -1.497561764189068 0.20319891056053418 -0.47899033561764126 -0.08612247408188387 0.8153368476541905 0.06525742400281155,5691	
Centroid 4:-4.848821303433782 2.717090633029662 -6.5143914973136985 6.677661060499919 -0.5946073347348743 2.5771485634197604 -3.240008175659888 -0.7245620182200426 -0.9875505722961926 -1.6302616211165615 -1.5655797710815225 1.9428535388927837 -0.137690259285213 -0.36211212333567 -0.7323667367437517 0.10092408315814054 -1.6118568091567385 -0.6876180798878773 -0.05847115160009328 1.0445419294557354,4281	
Centroid 9:0.9885402025014904 10.083795116140555 8.019678379988093 -1.2038058368076232 1.4396682549136386 0.14677546158427654 5.321567004169153 -8.429610482430007 -1.045186420488388 2.498379988088147 -1.322334723049434 4.206929720071476 -3.606262656343067 -0.373524717093508 -0.7355807027992849 2.643985110184631 0.5364597974985116 -1.9606795711733154 0.40195354377605763 -0.3216670637284103,1679	
Centroid 0:-15.284095399895444 -2.5097895974908493 3.0326353894406655 -0.9540705697856785 5.526448771563005 -3.985881860951385 -1.5324458964976533 0.8263897020386806 -0.5689194981704129 1.5222266074228927 -0.5933157344485102 -0.7377101411395722 0.06620752744380565 0.23341139571353936 0.5983951907997932 -0.6095258755880812 0.5513883951908 -0.6809357030841598 -0.33147935180345 0.14719602718243618,3826	
Centroid 5:3.914375304630377 -0.10562469536961804 6.41799228269699 -0.24595227457351793 1.347568846466289 3.690478066612509 -4.3191318034118655 -2.2022049147034997 -0.8880016246953721 -0.4546326157595434 2.982154752233953 -0.9127207554833501 1.2316693744922866 0.7940194963444355 0.964429528838342 -0.45035276198212876 -0.827175264012994 0.40581539398862815 0.9159612103980532 0.8230113728675883,4924	
Centroid 1:-1.609268004223864 7.08587666314678 3.984397043294612 1.7454960929250307 -1.5550183738120393 1.199934107708553 4.076617740232307 3.8167279831045433 0.2795890179514259 -0.263979936642027 -0.07999450897571259 -0.1853909186906017 1.2695638859556517 0.6499138331573412 -0.03880506863780369 -1.6443357972544903 -0.21608004223864913 1.3775757127771882 -0.6040356916578689 0.15515860612460408,4735	
Centroid 6:-2.5760906532365584 4.065974374166787 -5.7093020293290095 -5.835239668197315 -1.3294642275218458 -0.6039666716042077 -0.2439875573989028 -0.3891891571619022 0.5122805510294777 -1.3905633239520123 1.2927644793363933 -0.16382506295363586 0.6425492519626727 0.33297748481706413 0.3161573100281449 0.06308295067397396 0.5380967264109026 0.31111687157458107 0.9099770404384537 -0.6839989631165744,6751	
Centroid 2:6.449106704737732 -1.941517449238575 -3.035912648054142 1.1095027495769916 4.142548117597296 -1.2301670896785095 0.6089557952622655 0.5503296319796956 0.10453458121827452 1.3001815778341794 0.5018291032148884 -0.04287637478849424 0.4431612732656529 0.12276818950930597 -0.24859496615905366 0.2312128807106602 0.6090137478849396 0.16994997884940763 -0.14649925972927286 -0.10032804568527952,9456	
Centroid 7:4.081789254194547 1.3983110270584849 1.637559790514989 -0.8496323344001502 -1.9109978663563194 -1.3336928522936706 -1.0327914848220376 1.1070875763747494 -0.7642080302589479 0.15681514887013887 -1.7561255940257896 -0.7391675880128037 -0.1297814954902533 -0.10487421200659507 -0.0900897100184267 0.2811101736010072 0.2488723693143243 -0.7167075938318278 -0.8145883037532738 -0.11893104451556585,10311	
Centroid 3:-2.439674194698688 -4.685110543206926 -1.6679669559015822 2.707508261024606 -3.930072150243675 -0.2762628075597268 2.134339355758945 -1.9225486746701619 -0.5412406989183418 1.1660372043266374 0.6840057054558443 -0.7765936051349088 -0.36829585165814893 -0.179845952692262 0.8515644835373796 0.06137430167597746 0.006171163675264506 0.4993564721264701 -0.16416795435635229 -0.36895744680850945,8413	
Centroid 8:0.12607902422264194 -6.218208727022852 2.940654526713629 -2.479729943308719 0.3071965298058758 2.0438910840061832 0.21658014086926605 1.5273078508847282 3.1930204432228235 -2.3822379316268663 -0.7374104105823733 1.5284217488404075 -1.690227452327774 -1.1907763270915674 -1.4199821336540093 0.24107610376223987 -0.5195169214911523 -0.0752375880432917 0.728077821680123 0.09446555574643566,5821	
Centroid 4:-4.900718279569906 2.844130227001193 -6.618947431302258 6.63856821983274 -0.4795407407407405 2.6648363201911525 -3.2963158900836245 -0.749818399044207 -0.9292446833930723 -1.6765240143369196 -1.6604924731182777 1.9454800477897274 -0.16184516129032256 -0.31542365591397853 -0.7276934289127834 0.0955436081242531 -1.6496356033452788 -0.6426606929510162 -0.10846332138590202 1.081844205495819,4185	
Centroid 9:0.6827279220779225 10.439561688311693 8.030666883116885 -1.2109474025974019 1.5049168831168809 0.17719805194805183 5.973528571428579 -8.683693506493489 -0.8268188311688316 2.6726142857142876 -1.0395051948051965 4.658470129870124 -3.7341480519480594 -0.42069870129870135 -0.876681818181818 2.8423493506493447 0.6212402597402605 -2.2418805194805174 0.3463701298701297 -0.2159681818181819,1540	
Centroid 0:-15.300579113093693 -2.503656782996588 3.0349412227761725 -0.9619052742062477 5.534463920230917 -4.001150354237736 -1.5530081343479436 0.8322306481238502 -0.5720823930726848 1.531645499868796 -0.5922889005510353 -0.7351443190763581 0.060820519548675 0.244579900288638 0.5998475465757043 -0.6101592757806343 0.5536754132773557 -0.6847286801364459 -0.33077040146943 0.14445945945945962,3811	
Centroid 5:3.9208476994173154 0.02070082378943156 6.467255374723742 -0.24080008036970116 1.3552031344183253 3.623000602772755 -4.314223829616237 -2.2982212176009758 -0.9207641149286725 -0.4299672493469953 2.8842453285111502 -0.9787203134418331 1.1907239300783647 0.8187832027325704 0.9114619248543302 -0.4204998995378743 -0.8299893510146659 0.43048784408278096 0.9686688768334346 0.7770146674703635,4977	
Centroid 1:-1.840351616499444 7.327076031215142 3.8938764771460375 1.733674024526204 -1.4070272017837253 1.3203997770345588 4.273205574135998 3.832915719063542 0.41104905239687817 -0.22315206243032265 0.11112218506131556 -0.2586434782608692 1.3206936454849523 0.5985395763656655 -0.1058666666666662 -1.692814046822741 -0.301452619843924 1.4619779264214012 -0.5955190635451516 0.14438684503901905,4485	
Centroid 6:-2.4662328668301843 3.834230414081663 -5.6265251767421764 -5.856808685615353 -1.3922540758909205 -0.717702207473669 -0.22223777232722372 -0.3900904631366336 0.3822770163035649 -1.3483220314528945 1.2652172846631058 -0.09664377434713613 0.6769650844034062 0.33813244842014134 0.26394171115279275 0.056387534266339266 0.4931210503534848 0.3436610878661081 0.856358534122061 -0.6759860049054959,6931	
Centroid 2:6.397991365298631 -1.8834331572531464 -2.9946891507517206 1.0462904307192227 4.008223080048766 -1.3026980902072345 0.5657019504266542 0.5090009142624943 0.0825123933360427 1.257327813896789 0.4549749085737495 -0.07148130841121512 0.4099536773669242 0.0713881552214548 -0.29703667208451917 0.20434112149532732 0.5995451036164129 0.18000284437220632 -0.17459142624949156 -0.0969306176351078,9844	
Centroid 7:4.011545147175799 1.624066328560065 2.014383154335725 -0.6952978321400154 -2.039683373110578 -1.220304793158313 -1.0212202665075645 1.2097552704852845 -0.7741707438345274 0.11287400556881391 -1.8952931583134391 -0.7439065234685772 -0.1287342879872714 -0.01150745823389026 0.009444311853619738 0.2689718575974534 0.2943059864757359 -0.7822813245823369 -0.7799597255369922 -0.133314936356404,10056	
Centroid 3:-2.4112558834070064 -4.565375940747818 -1.677066300322545 2.958587146099634 -3.988945048381327 -0.3229556803249293 2.04638346673038 -1.8808842432206498 -0.5098005017321707 1.1856374387767281 0.7493102377254811 -0.7644869191255518 -0.413409986859396 -0.2145436626448456 0.8394281447855662 0.052303547963205896 0.047494206188030054 0.46742181340341654 -0.14475164257555806 -0.36556958547365814,8371	
Centroid 8:0.08769282360831653 -6.274771797451363 2.8367095908786113 -2.5869669684775394 0.2680965794768619 2.085696009389673 0.29541130114017544 1.468517605633805 3.0490818242790163 -2.322332327297115 -0.7494134808853139 1.5117578806170366 -1.6098288061703503 -1.202236083165663 -1.346080818242791 0.29273558014755174 -0.569424211938296 -0.07128755868544627 0.6563145539906089 0.105199530516432,5964	
Centroid 4:-4.94579707673569 2.9597115712545614 -6.746253349573672 6.546995858708904 -0.3602803897685746 2.7961330085261897 -3.3376828258221636 -0.7806214372716215 -0.8655822168087718 -1.7110126674786883 -1.7654065773446956 1.932614372716206 -0.19855639464068278 -0.2560236297198531 -0.7012954933008525 0.0920012180267965 -1.6739863580998762 -0.5988012180267975 -0.14981802679658965 1.1187266747868423,4105	
Centroid 9:0.4758961218836567 10.695254155124655 8.073116343490293 -1.2358130193905819 1.5846350415512451 0.1794847645429366 6.40975761772853 -8.858678670360103 -0.6785567867036013 2.8038504155124673 -0.8477603878116344 4.984065789473682 -3.8081897506925277 -0.44355263157894775 -0.9973019390581721 2.9742700831024926 0.7054764542936286 -2.4431336565096924 0.3268393351800553 -0.09632756232686979,1444	
Centroid 0:-15.303854893728676 -2.5156134872736793 3.030515612700081 -0.9684172133298347 5.528240881658372 -4.002353975334552 -1.5568577801102104 0.8303432170034093 -0.5782511151928629 1.5364416163736538 -0.5977386512726311 -0.7284200997113611 0.06431697717134642 0.24711178168459783 0.6022209393859896 -0.6130246654421401 0.5559645762267124 -0.6831039097349775 -0.3271353975334552 0.1454056678037261,3811	
Centroid 5:3.9342439366606516 0.08044537983563858 6.482180998196035 -0.24794928843455638 1.3880276608538797 3.594969532972531 -4.298900781719792 -2.373063740228512 -0.9434439767488466 -0.4247364201242716 2.8581888153938624 -0.9926716776909216 1.1573674082982568 0.8228434556023255 0.9023355381840044 -0.4079334535979145 -0.8418733213068728 0.4527572659851682 0.9963858488675101 0.7517875325716581,4989	
Centroid 1:-2.074244465379183 7.56092345737163 3.8017355157795594 1.7289524258125346 -1.2438695242581255 1.4654352331606189 4.493410032972208 3.83413895430994 0.5677044276966549 -0.17206500235515745 0.30799552520018814 -0.3415734809232213 1.3705223739990604 0.5330871408384372 -0.1897988695242584 -1.725028968440887 -0.37367074894017915 1.5245522845030586 -0.6019627885068312 0.13511964201601542,4246	
Centroid 6:-2.3442512654668164 3.6121785714285757 -5.513243250843646 -5.8764160573678215 -1.4593551743531965 -0.832950787401574 -0.1814339145106853 -0.356812992125985 0.25137050056243027 -1.2845399325084366 1.2414895950506184 -0.017336895388076593 0.7220548368953891 0.33438343644544416 0.22339679415073088 0.05491690101237345 0.4447331271091126 0.3783447694038253 0.833252671541058 -0.680723284589426,7112	
Centroid 2:6.347378065528718 -1.8324337845791587 -2.962160094173035 0.9867429860702399 3.87815185403177 -1.353945850500294 0.523795860309985 0.4693078281341987 0.063287522071807 1.2306666666666608 0.41479576221306586 -0.08973504021973706 0.38654257406317494 0.03007945850500319 -0.3403617814400638 0.184099372179714 0.58614420247204 0.18523101824602725 -0.19959750833823814 -0.09248646262507366,10194	
Centroid 7:3.9436243273428615 1.8482608386638326 2.400310082241855 -0.5246858564321258 -2.1300595999593925 -1.1080838663823716 -1.0088183571936256 1.2947563204386214 -0.7967624124276581 0.049527769316681874 -2.0301950451822495 -0.7624043050055858 -0.11606325515280734 0.09086120418316553 0.10463508985683763 0.2596326530612234 0.32433120113717206 -0.8313491725048172 -0.7439891359528866 -0.15357315463498789,9849	
Centroid 3:-2.378787372218886 -4.406203848466622 -1.690097294046906 3.248435718580888 -4.071642814191234 -0.39590042092603644 1.9245119663259165 -1.8380969332531654 -0.47188683102826373 1.2012301864101 0.8491984365604316 -0.7294982561635605 -0.44990042092603805 -0.25917726999398794 0.8173105231509288 0.038935898977751016 0.09330980156343997 0.4143041491280814 -0.13187288033674038 -0.36752519542994333,8315	
Centroid 8:0.055887591240875834 -6.3140113544200975 2.7230867802108736 -2.6711549067315543 0.21737226277372335 2.103530089213299 0.38770673154906815 1.403108029197082 2.8837195458232023 -2.2432081103000803 -0.7681823195458254 1.4601258718572605 -1.5313883211678774 -1.1911381995133834 -1.2693394971613967 0.3521292781832924 -0.605430656934306 -0.061310137875101485 0.6033156528791551 0.13277031630170336,6165	
Centroid 4:-5.0413836196166315 3.113419467264119 -6.923671894448592 6.41025491660443 -0.18467936270848895 3.0048817525516576 -3.3702113517550307 -0.8432778192681124 -0.7621486183719216 -1.7630455563853642 -1.9056265870052222 1.8525750560119534 -0.2776713965646 -0.16937789395070896 -0.6502803086880763 0.06028478964401293 -1.675266367936271 -0.5405611152601458 -0.22667214339059003 1.1665369678864832,4017	
Centroid 9:0.35952716593245215 10.867196035242289 8.132225403817904 -1.2643627019089565 1.6115301027900146 0.1626835535976507 6.725102790014675 -9.049600587371511 -0.6032547723935391 2.9362790014684306 -0.7154265785609392 5.279986049926587 -3.905524963289286 -0.47252716593245275 -1.088104258443463 3.0824397944199724 0.7356784140969164 -2.624639500734212 0.34269383259911845 0.007571953010279058,1362	
Centroid 0:-15.301373949579819 -2.5381643907562985 3.024427521008407 -0.9676817226890763 5.515009191176487 -4.014117647058818 -1.5714311974789945 0.822390231092435 -0.5937087710084036 1.5258802521008374 -0.6028211659663852 -0.7175464810924383 0.05189075630252107 0.2491607142857149 0.6136449579831945 -0.6138209033613446 0.5585220588235286 -0.6744096638655458 -0.3212731092436968 0.1428807773109247,3808	
Centroid 5:3.9383931467964306 0.11448459042984604 6.50481751824818 -0.26962165450121656 1.4479616788321164 3.598662003244114 -4.306313260340633 -2.443360705596116 -0.9539564071370648 -0.41642639902676226 2.886328061638276 -0.983563057583132 1.1476711273317106 0.816609286293593 0.9032629764801284 -0.4277021492295216 -0.8501350364963476 0.48366666666666636 1.0221593673965947 0.7531301703163026,4932	
Centroid 1:-2.279973900074571 7.826166293810583 3.671772806363409 1.6929806114839712 -1.0651881680338033 1.6220830226199352 4.717875217499366 3.811927168779518 0.7473276162068111 -0.08781034054188408 0.5176751180710922 -0.4422900820283366 1.4462242107879704 0.4630745712155107 -0.28403479990057223 -1.7641056425553077 -0.47178001491424365 1.5781446681580904 -0.5969207059408409 0.12904126273924932,4023	
Centroid 6:-2.2073039202294815 3.3664842234667343 -5.368886764103271 -5.88451509356644 -1.554872694987021 -0.9704962436825548 -0.1461028548012562 -0.3175776533260487 0.08680945226062015 -1.210247233984432 1.2148841688293919 0.0580314164731592 0.7600961617265412 0.3227649228247498 0.16850239038382678 0.04880166643901075 0.3838065838000277 0.4114101898647719 0.7858300778582166 -0.6781360469881165,7321	
Centroid 2:6.305819058531454 -1.7872892198987782 -2.9192832044304344 0.9352777618638406 3.7848706196887125 -1.392486775518 0.4935494127757098 0.45330774372195387 0.049553614055189654 1.2121057958560082 0.3860803017282524 -0.107007161271842 0.36312269645755807 0.0007061014036092278 -0.35606101403609347 0.1738267927050517 0.5793586364938389 0.19151580253986444 -0.22151713931060776 -0.09062732741334865,10473	
Centroid 7:3.8818721749948035 2.0472029856935583 2.7682844702467446 -0.3256529131246099 -2.188591333195116 -1.007267261040843 -0.9773851337341939 1.3639559402861348 -0.8157742069251515 -0.033415405349368016 -2.1629975119220415 -0.7852222682977407 -0.09382842629069017 0.1871971801783118 0.18622009122952468 0.24498019904623655 0.3501900269541783 -0.8783663694795736 -0.6997449720091212 -0.17257443499896336,9646	
Centroid 3:-2.350430853658542 -4.227388902439018 -1.7053260975609772 3.5841582926829343 -4.1738607317073315 -0.48405182926829227 1.7815609756097557 -1.7901585365853745 -0.4054284146341477 1.2267531707317036 0.9558295121951211 -0.6865362195121961 -0.4888585365853668 -0.30218012195122057 0.799303902439023 0.026661707317073197 0.1404308536585366 0.36651390243902443 -0.11257134146341471 -0.36654719512194844,8200	
Centroid 8:0.004375488510239083 -6.354852430826936 2.5965044552133847 -2.73431436610912 0.15215851180240764 2.112698139753008 0.4929227763013913 1.3251913396904833 2.695747694231678 -2.149490698765048 -0.7880157886509318 1.3852077536345175 -1.4601064561513144 -1.1719606065343144 -1.1916413944036277 0.4045164921056744 -0.6247961544473964 -0.05371877442551196 0.5501309989057365 0.15707315929341895,6397	
Centroid 4:-5.1284186457807 3.2817018696311093 -7.12169909044971 6.203240525517929 0.004947448206165108 3.228628347650327 -3.390137190500247 -0.9024944416371914 -0.6371382011116762 -1.8255576048509368 -2.0492435573521943 1.7589979787771606 -0.36448762001010554 -0.0718534613441134 -0.6062122283981796 0.042978019201616834 -1.6567950985346154 -0.4733072258716526 -0.313855987872663 1.2069338049519964,3958	
Centroid 9:0.3060246153846151 11.002736153846149 8.114499230769239 -1.3201061538461523 1.617798461538461 0.1434238461538463 6.948669999999998 -9.208071538461523 -0.5661407692307693 3.0164715384615386 -0.6562084615384617 5.519589230769229 -4.021500769230771 -0.49520538461538477 -1.0840030769230775 3.185053076923077 0.8033869230769243 -2.80905923076923 0.38941307692307703 0.05569384615384623,1300	
Centroid 0:-15.298517622304049 -2.5706543924250376 3.0349308258811174 -0.9601262493424519 5.504485007890599 -4.030893214097847 -1.5728219358232551 0.8128185165702246 -0.600041294055761 1.530123356128347 -0.6055202524986837 -0.7086238821672801 0.057040768016833256 0.25652419779063773 0.6135312993161512 -0.614614939505523 0.5685631246712242 -0.6739284587059442 -0.3087911625460286 0.13145186743819068,3802	
Centroid 5:3.92845266393443 0.12979672131147543 6.529360245901641 -0.30206926229508246 1.5016834016393479 3.6249909836065557 -4.312939754098366 -2.5131815573770595 -0.9595532786885235 -0.40446024590163804 2.9332793032786824 -0.9484383196721332 1.1326059426229536 0.7982061475409832 0.8998467213114749 -0.45077192622950824 -0.8538213114754062 0.5212102459016408 1.0307633196721329 0.7619680327868862,4880	
Centroid 1:-2.4923887581699375 8.080447058823525 3.5592073202614345 1.6594724183006573 -0.8951383006535937 1.7406975163398686 4.928843921568616 3.756670065359478 0.9498363398692817 -0.015048627450980408 0.7297270588235307 -0.5501960784313719 1.5106211764705901 0.39022431372548977 -0.3749641830065368 -1.768081045751635 -0.5587955555555554 1.5989262745098023 -0.6081900653594797 0.12926405228758162,3825	
Centroid 6:-2.078755694684965 3.1311972825362995 -5.224536832289873 -5.872148661249509 -1.6396996136938804 -1.0817313174370589 -0.11940895164513106 -0.27205141867590255 -0.06848634607699478 -1.1385215132543005 1.1922467030771287 0.12932329825496194 0.7827775409617695 0.32169535100572727 0.12779032902624202 0.042736912215265696 0.35169428533368796 0.44595097908618725 0.7487750099906756 -0.6775903823098438,7507	
Centroid 2:6.273338376762854 -1.751600728495373 -2.8767148594377403 0.9000497805174218 3.7009869244419558 -1.4132638460820033 0.4652512375081726 0.4500732231250601 0.050805641169328605 1.203837676286539 0.36345073316521853 -0.12242000560381137 0.3466656393013934 -0.016028486037171927 -0.36748930606145586 0.16382151863267025 0.5816423834874365 0.18828700849911245 -0.2359667507238252 -0.0898565424488652,10707	
Centroid 7:3.8209996839776585 2.240445064784578 3.088974823554206 -0.13868450437164254 -2.226823554197832 -0.9093792267986935 -0.946002212156327 1.4098813862846384 -0.8437620351838204 -0.11700779521752841 -2.2763462551353597 -0.7998941325186976 -0.06397935320762674 0.26268724323185655 0.24723269777730894 0.22840071631728656 0.35928083851258896 -0.8992836827135763 -0.6494822500790051 -0.19783250816391057,9493	
Centroid 3:-2.3208652535019247 -4.031382422213957 -1.7164043634560557 3.9268774017602674 -4.280614602702378 -0.5921005330358243 1.6276459650427624 -1.7344176273707772 -0.338327631089625 1.232987851741658 1.0755832403619694 -0.6254301475145653 -0.5124722945332847 -0.34678901698277004 0.7796480723937019 0.03266480723937038 0.16552225114664681 0.31132738316598546 -0.08260295029131044 -0.3785802652782912,8067	
Centroid 8:-0.053815753734721604 -6.391075599818909 2.4726699864191968 -2.790348724913243 0.08381620642824844 2.117778331069866 0.5997366832654301 1.2368500075448945 2.510316130979333 -2.050776972989288 -0.8238753583823755 1.2987578089633347 -1.388701071374675 -1.1555865399124803 -1.1206680247472476 0.4424276444846843 -0.6326651576882436 -0.04520763543081322 0.5015620944620486 0.18825199939640833,6627	
Centroid 4:-5.19893302540417 3.438426995124443 -7.362347190146256 5.940305363099807 0.21858455221965636 3.4932401847575023 -3.388231973312797 -0.9773348729792146 -0.5043992814985908 -1.8652722607133665 -2.2000318193482116 1.6341657685399058 -0.4743841416474214 0.042321272773928706 -0.5795319476520395 -0.008543494996150997 -1.6436109828072902 -0.39186271490890473 -0.4078994098024116 1.2494683089556053,3897	
Centroid 9:0.3247936507936498 11.065052380952373 8.128673015873023 -1.361985714285713 1.5906190476190467 0.0932650793650794 7.044094444444448 -9.307453174603172 -0.5650952380952368 3.0378325396825385 -0.6804428571428569 5.677644444444453 -4.118041269841278 -0.5032563492063498 -1.0271444444444442 3.2183563492063483 0.8760476190476199 -2.9135849206349205 0.41510793650793637 0.07624444444444453,1260	
Centroid 0:-15.280649265477429 -2.6054561909758633 3.039709601259184 -0.9552298006295907 5.4774685204617155 -4.03233263378804 -1.5615582371458592 0.8067822665267557 -0.6030747639034638 1.5303486358866671 -0.5940057712486869 -0.7093003672612809 0.04978357817418681 0.25240320041972775 0.6232544596012607 -0.6152437040923401 0.562122245540397 -0.6810007869884571 -0.3156673662119621 0.12959837355718795,3812	
Centroid 5:3.9293660770031216 0.10799958376690963 6.536305306971914 -0.32727471383975076 1.5556241415192509 3.6659856399583757 -4.327746097814777 -2.5549648283038606 -0.9512149843912602 -0.40009531737772985 3.0094747138397446 -0.9046774193548428 1.1306362122788807 0.7759371488033302 0.9110591050988545 -0.4868955254942777 -0.8574245577523382 0.5502526534859532 1.0407893860561928 0.7856029136316349,4805	
