Centroid 1:3.4740316218973133 1.3950071404284279 7.252585515130927 -0.7945209112546755 2.4118184291057445 4.3065569534172035 -4.2807776266576045 -4.347790547432855 -1.87365725943557 -0.4717378442706554 3.523912274736492 -0.3995311118667125 0.463444746684802 0.3909163549812998 1.4896865011900746 -0.8898772526351559 -1.019563073784424 1.4826222373342373 1.3491081264875904 0.6181625297517835,2941	
Centroid 6:3.031765969498884 0.2915627015250562 -0.9536167755991319 -0.6973170370370315 -1.2994758169934622 -1.5001347712418278 -0.5326961655773449 -0.16930187363834506 0.20214596949891048 0.8413268845315879 -0.46542309368191925 -0.7049926797385652 0.095975599128541 -0.48903572984749 -0.014071241830065308 0.15830644880174213 0.18120252723311528 0.06053106753812652 -0.5514571241830075 -0.1101564270152505,22950	
Centroid 2:-11.69159860067374 3.372819383259901 -1.0845791655869406 4.985969681264577 2.334157035501424 -1.875976159626846 -3.706909043793723 1.2967157294635943 -0.9623599378077206 0.8001409691629934 0.040163254729204484 1.3975897901010617 0.8898585125680235 -0.8484223892200042 -0.1940484581497794 1.683250323918113 -0.7616740088105712 -0.2513246955169733 0.7729030837004406 -0.2856188131640315,3859	
Centroid 7:4.245457240948795 1.4210911360798983 -1.4424673845193505 1.2893008739076157 2.8416594881398227 -1.0407000624219735 1.273528089887644 1.5769951622971343 -0.7600521223470701 -0.7952318976279661 1.0456860174781517 -0.06385939450686644 0.3812546816479411 0.7377729400749101 0.8505486891385778 -0.5608927902621713 0.05674297752808986 -0.19509456928838884 0.26256960049937633 -0.3825463483146069,6408	
Centroid 3:-2.4535056320400543 4.453162077596997 4.626876095118903 1.8512018147684615 -0.844413954943679 2.668790362953694 3.3327246558197805 4.222583854818541 0.7737697121401753 -1.6142393617021278 0.8281501877346683 -1.2315156445556943 0.39463204005006236 0.5670607008760952 -1.8318760951189008 1.1277343554443058 -0.1835838548185227 1.5909655819774688 -0.061149249061326495 -0.035464017521902334,3196	
Centroid 8:0.4158074807480746 11.063354785478557 7.5404647964796405 -0.958586358635865 -0.18860176017601754 -0.24944114411441126 6.582326182618266 -4.883729372937295 -0.5132145214521461 2.7424708470847072 -1.8073333333333357 4.787915841584159 -2.344656215621562 -0.19387623762376222 0.2243151815181517 -0.004741474147414576 0.22093674367436733 -1.5668954895489542 0.25472002200219995 1.1277546754675478,1818	
Centroid 4:-4.1593548223350405 -7.740782741116739 0.5155135363790174 -2.550067851099829 -0.3045502538071071 2.109332487309646 3.4977543147208143 -0.35088443316412793 -0.2990094754653134 -0.7590710659898467 -1.8709331641285936 -0.9022018612521185 -0.005794754653129912 -0.7007194585448375 0.4763106598984773 0.9855522842639618 -0.5906802030456857 0.12117529610829116 1.26611184433164 0.8679196277495788,5910	
Centroid 9:-4.534066944775527 1.2341690504568934 -6.964447755264184 1.4537179181565387 -2.797446960667465 2.599435637663883 -1.3686831545490628 -2.5627906237584503 -0.7693345252284446 -1.6418516090584048 -0.2794334525228446 0.2882671831545492 -0.5203498212157325 1.328891537544693 -1.1161324990067536 -1.32561422328168 0.1369908621374653 -0.28156773937226803 -0.4594789431863341 0.6273510131108477,5034	
Centroid 0:5.809003112494448 -3.702983992885728 -4.059790128946199 0.3594455313472666 4.490799911071596 2.782078701645171 1.8597839039573185 2.963955980435746 0.03341974210760338 2.958339261894176 0.8255847043130268 2.7365971542907985 1.0126300578034686 3.020136949755447 1.0286994219653156 1.225496665184526 0.42184882169853277 -0.9402939084037332 0.23365095598043606 -0.58916718541574,2249	
Centroid 5:-3.6248697426796945 -3.443564507542148 4.72455776397515 -1.134806566104708 0.764468677905945 -0.7508062111801238 -1.7067540372670857 0.930449511978706 2.392340727595387 -1.7124379769298985 0.8348159716060329 0.9435772848269746 -1.075189352262644 -0.38555776397515573 -0.5029467613132204 -1.6671838509316768 0.6133872227151737 -0.5244308784383312 -0.3449405501330961 -0.8250731144631781,5635	
Centroid 1:4.012327201655552 0.7961007128075401 6.937552770751904 -0.5822931708438757 1.6051117498275473 3.676888020234534 -4.405482409749363 -3.317659002069447 -1.4092317774200969 -0.32568912393653543 2.6904830995631146 -0.9018457116578523 0.8264644745918598 0.7150200045987593 1.0715235686364697 -0.504395953092666 -1.0095640377098174 0.7006217521269257 1.1551478500804784 0.6332828236376185,4349	
Centroid 6:2.993252920631094 0.0852138383716722 -0.6877643622786956 -0.7622428038058547 -2.4621696976996117 -1.7837558713717916 -0.5525170420330031 0.03776376008671565 0.2099178610140913 0.8048904612790521 -0.464741780079491 -0.4728317475611217 0.05709580874382767 -0.6038029025653382 -0.18221630735878544 0.19394405636516954 0.19921534385161968 0.14911562085993066 -0.678850295074067 -0.08444387570757601,16606	
Centroid 2:-12.966080235294124 2.407513647058826 -0.445755529411765 3.358050588235289 3.804584941176464 -2.6691496470588256 -3.736587294117643 1.4025865882352957 -0.8921270588235284 1.327013647058821 -0.285815764705883 0.8243305882352928 0.36016988235294056 -0.46775247058823466 0.4187795294117644 1.3849237647058839 -0.5142623529411754 -0.11550588235294111 0.34989105882352994 0.0065863529411764885,4250	
Centroid 7:5.254247579896552 0.7020555629226912 -1.3815170401803512 1.6005814878663354 2.9717835830791697 -2.005486672855061 0.6374040578172634 0.7811194801750426 -0.4390034478185924 -0.806698581090042 0.36890717411483875 -0.6457890200238678 0.016069354197056046 -0.37071223975600126 0.2603788622198642 -0.29823113645405097 0.23702320647129044 -0.014910887150245303 0.08159793130884466 -0.25860137912743636,7541	
Centroid 3:-2.194366067697446 5.908852695361463 4.17581424989554 1.6856387379857967 -1.6439460927705856 2.0514414960300904 3.199201629753445 3.904132887588801 0.5066222315085667 -0.8484358545758469 0.3823353531132472 -1.149544295862934 0.9966193063100723 0.703321980777267 -0.849583159214376 -0.1962386126201425 -0.08142352695361454 1.3842143752611764 -0.4066533639782712 -0.21975637275386467,4786	
Centroid 8:0.7305662198391425 10.74722091152816 7.157125469168891 -1.201756568364613 0.518252010723861 -0.4711613941018773 6.277636997319049 -6.004572654155502 -0.5323780160857914 2.443917962466484 -1.716357104557641 4.681978552278819 -2.809482037533511 -0.35962252010723894 0.14116514745308278 0.9501265415549601 0.42610134048257375 -1.9398568364611266 0.40963163538874 0.5747152815013411,1865	
Centroid 4:-4.399158654692751 -7.885315020250027 0.18957791864764945 -2.4398124669836214 -0.8483086811058301 2.078962845571407 3.87829529846804 -1.0254673357985555 -1.0259304455009663 -0.7078424018313076 -1.7244604683923177 -0.8840910371544285 0.4791753829899616 -0.9200334565944709 0.8073162528614202 0.7043055115337209 -0.7394305335446388 0.3115696425427011 0.9859686564536037 0.6784190878675832,5679	
Centroid 9:-3.8509906710310964 2.332905073649752 -7.8758153846153425 0.5374130932896881 -1.796458428805235 2.50648887070377 -1.3725427168576079 -2.0917198036006677 -0.24120212765957405 -1.6130703764320804 -0.181186906710311 0.10410932896890367 -0.5619594108019647 0.9049448445171849 -0.6971234042553172 -1.0030857610474606 0.09969541734860944 -0.7221435351882166 0.18136366612111327 0.369557610474631,6110	
Centroid 0:5.983408300907918 -3.764551491569394 -3.643892347600524 0.2805265888456549 4.445728923476007 2.038591439688716 1.412976134889754 2.3486080415045416 0.2129265888456557 2.707093644617384 0.9636477302204924 2.063582619974061 0.8153992217898842 2.373087678339812 0.718618936446172 1.0892378728923446 0.43523268482490424 -0.5908171206225679 0.19701452658884572 -0.2645226977950712,3855	
Centroid 5:-3.441870336761436 -4.7767118370639325 4.2975648316192805 -1.5127410768300056 0.17937689050211741 -0.770493849566444 -1.3492659810445649 0.8127315991127225 2.984405726961085 -1.7249945553539063 0.6045747126436793 1.2763791086912688 -1.6472127445049392 -0.09025247025610002 -0.941761242185922 -1.5251290582778816 0.6025218794111722 -0.6043182093163957 -0.433254486791693 -0.9188713450292423,4959	
Centroid 1:4.115626409325437 0.6074481177145037 6.642833174087543 -0.40886757118287753 1.1603103382381064 3.315231798203703 -4.284486336709338 -2.701743359449649 -1.1663991974011116 -0.35366692145996503 2.2297395375501603 -1.1909334989489777 0.9536155169119049 0.8330745270399386 0.8382453659468757 -0.2501773361360589 -0.9063325052551109 0.35993063252436414 1.0020989871966344 0.55397955283776,5233	
Centroid 6:2.224297721916731 -0.12801435406698647 -0.7038711704634713 -0.608254516889237 -3.4063440691280604 -1.7979510104977519 -0.4527643362136715 0.2568059701492533 0.12541469685067488 0.8553055773762731 -0.15106841391130452 -0.15110076412197398 -0.04421288295365252 -0.4730332785831606 -0.13646382917946218 0.19878211811754612 0.13635506677140605 0.08079425837320542 -0.7463357851888845 -0.09004334785403127,14003	
Centroid 2:-13.911032419547082 1.6126135876042895 0.37808748510131224 2.3482786650774696 4.60300143027413 -3.106663885578071 -3.5223525625744925 1.480525387365913 -0.9420364719904648 1.5097976162097724 -0.4135582836710369 0.5177246722288438 0.2128090584028608 -0.21772133492252654 0.4773239570917759 1.0164252681763972 -0.2595241954707986 -0.10266245530393332 0.08722431466031012 0.035782836710369505,4195	
Centroid 7:5.862412970106082 0.13680677434908367 -1.3891606798457108 1.6313002651880502 2.993616682738678 -2.5942221552555442 0.2235368852459021 0.05899566055930586 -0.2489514223722273 -0.5225737704918066 -0.1313567984570881 -1.0502363789778204 -0.06921335583413696 -1.0396127049180364 -0.22694611861137937 -0.10317912246865953 0.341663934426229 0.16391055930568935 -0.13378821118611392 -0.13561656219865026,8296	
Centroid 3:-1.6892675300647566 6.406572247918613 3.916294542090665 1.4822103607770603 -1.8070849213691054 1.5024627197039788 3.2880908418131356 3.8642760407030488 0.311242923219242 -0.5260567992599439 -0.02892543940795552 -0.6672384828862159 1.081142090656798 0.6583509713228484 -0.2684510638297867 -0.8697859389454214 -0.09850693802035204 1.2602345975948166 -0.42281887141535685 -0.05449916743755794,5405	
Centroid 8:0.7650129107981224 10.754534624413154 7.346607394366207 -1.3767846244131434 1.0101085680751172 -0.3219190140845078 6.195186619718317 -7.317143192488266 -0.6391549295774654 2.5089835680751156 -1.4978550469483582 4.768862676056339 -3.342492957746482 -0.5045586854460097 -0.12297007042253538 1.8373720657277006 0.6046848591549293 -2.178958920187794 0.4940645539906101 0.15883509389671369,1704	
Centroid 4:-4.69989760894717 -7.763007134593144 -0.2164099498650217 -2.071097570381792 -0.9760563054377159 2.2687269571924418 4.276472811415354 -1.3436935981488651 -1.7630499421519394 -0.6418941380640173 -1.749442344774387 -1.0606806787504832 0.8713546085615116 -0.973701118395681 1.033839182414191 0.519109332819129 -0.6534041650597764 0.29406613960663347 0.9554112996529124 0.4811210952564606,5186	
Centroid 9:-3.650776445264449 3.3086154674046706 -8.068229397293964 -0.13128259532595363 -1.1219500307503119 2.3797484624846326 -1.429483087330874 -1.7661266912669156 0.09071786592865932 -1.8193111931119341 -0.20449707872078757 0.07467619926199277 -0.43471940344403537 0.8023107318573179 -0.45753121156211496 -0.7524658671586715 0.07034624846248512 -0.6442844403444042 0.4282518450184508 0.27861654366543753,6504	
Centroid 0:5.8307556349029275 -3.7229526891318927 -3.4242104440973145 0.3193789332738229 4.182685338094187 1.8900142825262216 1.2812294130774398 2.187459272483821 0.2514856058915429 2.5334958714572613 0.9530832403481371 1.8490466413746922 0.7086148181209554 2.19881745146173 0.6535085918321772 1.0903891988395438 0.401761883508147 -0.5101086810979675 0.18436264226735086 -0.21611024324927466,4481	
Centroid 5:-2.6367434408171446 -5.372075505708006 4.063341878630092 -1.6461405968355702 -0.1717676747446423 -0.1801353895453643 -1.055881033446825 0.8145846184658526 3.444553174444224 -1.952420188263567 0.4238151411976764 1.4197352293210526 -1.9413466853594943 -0.1841399959943922 -1.2540328459843757 -1.200440616863612 0.3444113759262972 -0.4191558181454036 -0.23553114360104088 -0.7971748447826961,4993	
Centroid 1:4.15470791245791 0.6402865319865317 6.442150336700355 -0.27124427609427554 0.8379360269360273 2.9952195286195296 -4.1173661616161565 -2.290700168350166 -1.10386885521886 -0.40031430976430954 1.8168025252525233 -1.388686363636363 0.9580228956228951 0.8811383838383827 0.6909210437710455 -0.03122020202020203 -0.8396878787878806 0.13600808080808033 0.8979089225589217 0.4378717171717168,5940	
Centroid 6:1.4116505117399147 -0.38670266405779713 -0.9661049819385901 -0.2100276189042754 -3.8719238410596235 -1.8872579771222149 -0.3924300120409402 0.24393272125225737 -0.017424217338952507 0.8640478627332929 0.3111304184226389 0.06757864238410595 -0.1337613636363634 -0.3784113485851919 -0.10464426550270915 0.22782548163756844 0.07852731788079438 0.018236378687537615 -0.7182792745334137 -0.14080343166767068,13288	
Centroid 2:-14.443038182696998 0.8782269212179799 1.018477283711937 1.64279313678105 5.023302078298692 -3.4071046399226703 -3.2786041565973933 1.471007249879169 -0.9046563557274048 1.6368066698888362 -0.48454349927501283 0.31123199613339764 0.11325906234896087 -0.07310463992266797 0.49135331077815453 0.6801355727404538 -0.10621942967617218 -0.16215780570323857 -0.09344659255679075 -0.01697075882068641,4138	
Centroid 7:6.181834911386248 -0.0010742898761835844 -1.4474288662296624 1.4090252488468076 2.8980548676863367 -2.8739889536295173 0.047261107064821485 -0.2799434328720573 -0.12266011167759164 -0.21844731731002684 -0.4375206360767167 -1.2189180626365617 -0.025413328477785862 -1.3095099538723038 -0.4152720320466122 -0.10599684389414891 0.40234231609613896 0.2963202233551824 -0.2843055353241077 -0.04698276280650652,8238	
Centroid 3:-1.2152878814605754 6.6398991003704495 3.8063226318574914 1.325820074087142 -1.8283014641030224 1.100246427941434 3.326078497089421 3.8091614041277144 0.13266360910213473 -0.3807757982007405 -0.3460492150291068 -0.3294632210266361 1.0636039865937579 0.618038101958018 0.051827659199153234 -1.261237960839658 -0.09274775092608932 1.1656636091021313 -0.4170074087140585 0.06307638031398842,5669	
Centroid 8:0.6120810465858311 10.838758774728765 7.529768347160172 -1.389710912571791 1.3215577536694327 -0.08731652839821301 6.4335156349712825 -8.1132246330568 -0.5708149329929801 2.6813401403956556 -1.1307141033822588 4.901927249521387 -3.580040204211871 -0.5650893426930441 -0.4990095724313981 2.4690625398851314 0.6937243139757509 -2.3811499680918935 0.4436292278238672 -0.002722399489470389,1567	
Centroid 4:-5.153888076842765 -7.679639590728739 -0.4777792858634364 -1.6955992900396748 -0.923220296512839 2.5024692002505726 4.511854040509501 -1.5603581123407804 -2.4425017749008098 -0.6204606389642926 -1.7635746502401333 -1.274127166423057 1.1213115472958888 -1.048657130925036 1.095586552516186 0.21402359574023772 -0.4188118605136772 0.1123583211526417 0.9104144915431224 0.2853936103570678,4789	
Centroid 9:-3.5842759097190218 3.988880546599117 -8.153023337939494 -0.577053892215569 -0.6377386764931686 2.351073084600032 -1.4847454322124949 -1.6338051589129516 0.44211484722862027 -2.0118684170121326 -0.2986886227544911 0.01723184400429908 -0.35326255181943733 0.8203933671119302 -0.2627337632427452 -0.5928721019499475 0.08862981728850025 -0.44623998157531136 0.4261314294487933 0.28457976354982367,6513	
Centroid 0:5.688115802675583 -3.6601561454849594 -3.298434991638809 0.3847796822742474 4.006609322742486 1.8639816053511702 1.2493099916387955 2.1655077341137137 0.1990447324414722 2.3982186454849472 0.9232784280936471 1.7715748327759198 0.6198605769230766 2.1658501254180624 0.6676367056856174 1.100645484949833 0.35353072742475034 -0.5070217391304334 0.16180518394648827 -0.2452750836120403,4784	
Centroid 5:-1.5467897122585732 -5.640902049664963 3.954959400867176 -1.837803705163587 -0.09718328734726066 0.5384710287741449 -0.7891003153330688 1.0761101694915267 3.854352581789524 -2.2654554592037845 0.07649921166732403 1.5326113519905435 -2.094192747339369 -0.47371817106818936 -1.494017343318877 -0.7749556562869526 0.04807942451714645 -0.1786030744974381 0.14055616870319346 -0.5303900275916427,5074	
Centroid 1:4.167363206828215 0.733531321444902 6.287153025453429 -0.17244170096021877 0.5492822740435914 2.706853528425542 -3.9427267184880375 -2.00420134125896 -1.0972993446120995 -0.4167123914037513 1.4176278006401484 -1.5321668952903518 0.9221454046639247 0.9246361835086072 0.5896631611034931 0.147179393385155 -0.769450236244474 -0.03959716506630059 0.7996808413351625 0.3148274653254072,6561	
Centroid 6:0.609917420461634 -0.7595248752339401 -1.354324781659388 0.20894689644416664 -4.130390361821589 -1.9776878509045421 -0.3349818309419835 0.042543044291953075 -0.08192903930130993 0.9030621490954408 0.7856317061759219 0.22577191203992505 -0.2157509357454782 -0.2836933094198389 -0.09870352464129789 0.24633569868995567 -0.0023666562694947043 0.06781651590767307 -0.6529842482844657 -0.19232205240174688,12824	
Centroid 2:-14.71477913510874 0.3281590520400678 1.461038846811627 1.1277358905448325 5.200447593452228 -3.591545076960658 -3.0691187393110146 1.4398309308575628 -0.8523913999511343 1.6927586122648453 -0.4914309797214765 0.14259687270950386 0.043207182995357966 0.01820693867578794 0.5140266308331293 0.4396889811873921 -0.005920107500610747 -0.21648008795504534 -0.22102980698754007 -0.043730026875152726,4093	
Centroid 7:6.315480951225417 0.06717847609803433 -1.4925566610046053 1.113414826498428 2.7504376364959984 -3.012203348701765 -0.0544883523416647 -0.3407596457170597 -0.07947876728949256 -0.03259354525600553 -0.6357000727978656 -1.2799593545255985 0.035016379519534076 -1.3908328075709784 -0.4928917738412996 -0.13768150934239257 0.4591745935452563 0.34699842271293296 -0.38452147537005443 0.018136495996117434,8242	
Centroid 3:-0.7626830010138582 6.64780010138561 3.7281243663399803 1.2029476174383236 -1.899683169989868 0.7926696519094272 3.2278665089557195 3.7463612706995626 -0.0071208178438660966 -0.32307130787428123 -0.6399286921257202 -0.11406083136194696 1.0099212571814813 0.5688088881378851 0.27445133491044266 -1.4562078404866514 -0.06562554917201754 1.0588556944913805 -0.40865579587698686 0.1270126732004051,5918	
Centroid 8:0.3333708165997318 10.980771084337338 7.637504685408299 -1.34290361445783 1.5251117804551533 0.13221218206157967 6.7691124497992075 -8.450591030789834 -0.4000709504685417 2.8223607764390866 -0.727577643908968 4.967472556894246 -3.596652610441766 -0.5834544846050878 -0.8743775100401594 2.8192336010709513 0.6709364123159313 -2.539170682730925 0.316815261044177 -0.0357710843373494,1494	
Centroid 4:-5.571429139072841 -7.625911699779239 -0.5435860927152311 -1.5526609271523195 -0.8939417218543042 2.678733333333329 4.5252671081677684 -1.6938757174392962 -2.878422516556288 -0.6476033112582771 -1.722078145695361 -1.374427373068436 1.2549534216335534 -1.108027373068433 1.0240525386313477 -0.0628423841059604 -0.19360640176600388 -0.09070772626931571 0.7622578366445916 0.12327615894039726,4530	
Centroid 9:-3.611237929396872 4.513980528731998 -8.216295235079935 -0.9060300775684649 -0.3011666930504989 2.421750356181736 -1.5234946968497647 -1.609876998575275 0.7652366629729306 -2.156054139623237 -0.4178917207535224 -0.0695181256925755 -0.3214969130916565 0.8015956941586183 -0.09128557859743572 -0.4696756371695439 0.1299727718853889 -0.29442092765553257 0.3444579705556433 0.30342330220041175,6317	
Centroid 0:5.588777800161173 -3.5903934327155587 -3.247900684931518 0.4384061240934732 3.89639544721999 1.836397260273967 1.2490433118452884 2.1416927880741308 0.10494540692989508 2.32227981466559 0.894451248992751 1.7288295729250593 0.5696974214343259 2.1432431506849436 0.7001895648670401 1.0783082191780804 0.32114141821112085 -0.5090886381950017 0.12598912167606746 -0.2829073327961323,4964	
Centroid 5:-0.5243502076329842 -5.707278623689927 3.8452280007909847 -1.9524688550524103 0.19804587700217546 1.1247990903697813 -0.6161500889855637 1.4227903895590273 4.099624678663246 -2.5284109155625867 -0.2470775163140208 1.6737666600751457 -2.1418920308483216 -0.8352432272098099 -1.683024718212375 -0.4908862962230566 -0.16411607672533116 -0.052786632390745505 0.5730514138817471 -0.26278801661063805,5057	
Centroid 1:4.151138494018289 0.813283321604503 6.157618156228016 -0.09564236453201944 0.28646572836030865 2.4783452498240695 -3.782463757916964 -1.7768844475721381 -1.0861159746657243 -0.4283014778325149 1.1006895144264555 -1.609153553835331 0.879347361013371 0.9471308937368051 0.5090978184377212 0.2860776917663619 -0.7053141449683313 -0.16739479239971827 0.7155527093596052 0.20734074595355365,7105	
Centroid 6:-0.16461739563449312 -1.1576213793675802 -1.7738772512241774 0.5751898912772851 -4.293550087144165 -2.040237862063241 -0.2699491244086638 -0.23758594074196993 -0.10045539048883774 0.9671864055108235 1.2214523196945772 0.3501867374885893 -0.27799004066727495 -0.19752029214042696 -0.08291410075524955 0.26860038177442036 -0.12017818906133315 0.17011519628184946 -0.5428061249896238 -0.23318698647190764,12049	
Centroid 2:-14.89523400547671 0.02029499626587023 1.7638230022404782 0.8075342295245196 5.3688927059994915 -3.676049539457304 -2.9031005725665886 1.427360219068959 -0.7615586258401797 1.7363425441872056 -0.5204841921832216 0.03742444610405781 0.023877520537714792 0.03770823998008456 0.4814642768235009 0.3104241971620601 0.04447597709733636 -0.24391062982325137 -0.2770450585013694 -0.05826014438635788,4017	
Centroid 7:6.277169439528023 0.1537995280235984 -1.5429220058997062 0.8294847197640101 2.5027565781710956 -3.0660187610619416 -0.1239444247787614 -0.2982332743362837 -0.06486076696165179 0.06172436578171085 -0.7294816519174054 -1.2701553982300993 0.07723209439528038 -1.423015103244839 -0.5376110914454271 -0.15896365781710867 0.4933863126843665 0.3733419469026544 -0.4484696165191718 0.06159929203539791,8475	
Centroid 3:-0.2695711323763956 6.44935167464112 3.6709870813397094 1.0777724082934625 -2.065165231259971 0.4920306220095702 3.0174334928229825 3.6686974481658656 -0.1477795853269537 -0.3218874003189777 -0.9429472089314203 0.042396331738436974 0.9019952153110065 0.5455545454545437 0.46230940988835767 -1.5574183413078149 0.018983094098883532 0.9147331738436985 -0.41104226475279154 0.1620441786283896,6270	
Centroid 8:-0.019349757113115734 11.144685634975703 7.73188410825816 -1.241317140874391 1.7092852185981946 0.32268771686328873 7.168202637057614 -8.58323039555864 -0.18856280360860522 2.974677307425399 -0.3123587786259546 4.965653018736994 -3.505222068008323 -0.563507980569049 -1.30131228313671 3.0628008327550305 0.6120458015267176 -2.6624663428174875 0.1791686328938239 0.028260929909785012,1441	
Centroid 4:-5.781760521500459 -7.598671317474833 -0.538827538883804 -1.5662465690759404 -0.8206187099725528 2.8716415827996298 4.511432067703578 -1.7220061756633125 -3.128178179322962 -0.7585473467520576 -1.7141141354071339 -1.3920235590119001 1.3022413083257105 -1.2104473924977113 0.9319087374199435 -0.2124693504117107 -0.07508325709057652 -0.20236344922232427 0.6496800091491307 0.041229871912168425,4372	
Centroid 9:-3.689257255287746 4.918858337432384 -8.248981964256403 -1.1051857681587174 -0.08719494999180205 2.5280282013444895 -1.5498930972290554 -1.6130947696343683 1.0512666010821432 -2.2443979340875515 -0.5056822429906559 -0.1767830791933114 -0.2990739465486135 0.7503777668470243 0.043842925069683444 -0.38096638793244825 0.1572539760616493 -0.21142629939334232 0.2415573044761436 0.3282808657156917,6099	
Centroid 0:5.548935812133081 -3.4953074363992243 -3.2428823874755475 0.44240665362035186 3.8268874755381748 1.7640209393346342 1.1944547945205488 2.1061242661448114 0.03963522504892357 2.3153718199608546 0.8796561643835638 1.6902964774951057 0.5552649706457923 2.1192215264188015 0.6931726027397237 1.0414829745596845 0.33268473581213404 -0.5163530332681001 0.06490332681017637 -0.31192113502935437,5110	
Centroid 5:0.0533362307388383 -5.657640655867223 3.6923779138680404 -2.00724278941131 0.3856592256025289 1.4165736862900027 -0.5494595021730566 1.6315892927696583 4.1089259186092475 -2.6108192414065594 -0.36254049782694614 1.7617088107467402 -2.1662844725404873 -1.0177202686685134 -1.7627232319241364 -0.3678968787040694 -0.24514440932437767 -0.02585104701698932 0.7988753457131551 -0.11835815883050198,5062	
Centroid 1:4.121501477700156 0.84681058570661 6.057917383127352 -0.05799838796346039 0.12485491671144501 2.3258167651800163 -3.6850257925846353 -1.6623254970446064 -1.0689134873723747 -0.4223511552928554 0.907697474476084 -1.6621534121440125 0.8374218162278348 0.9541892799570147 0.4492095647501351 0.3720151800107481 -0.6569959699086496 -0.21738124664159056 0.6534373992477139 0.1311225147770018,7444	
Centroid 6:-0.7580123836290202 -1.4118621113648342 -2.0555393465659666 0.9534763744949861 -4.41367056033727 -2.0773629018092397 -0.22074407166695934 -0.4876133848585977 -0.11651168101176887 0.9895490953802872 1.4761089935007863 0.4447431055682427 -0.31550974881433336 -0.10824574038292666 -0.06486782012998403 0.2521399086597567 -0.21342991392938715 0.21606446513261818 -0.42222158791498277 -0.27092367820129976,11386	
Centroid 2:-15.047299082100958 -0.19107751147373803 1.9545803161652233 0.6086009688934203 5.568703977562464 -3.7530576236613924 -2.805411524732267 1.4360413054563999 -0.7294395716471173 1.747029321774605 -0.5736257011728699 -0.02982330443651211 0.02135466598674138 0.03281310555838851 0.46547552269250303 0.2008475267720547 0.08911677715451269 -0.26038296787353377 -0.29356221315655323 -0.06890846506884236,3922	
Centroid 7:6.1718556118921395 0.17996300991011682 -1.6367234385803144 0.5744952754090804 2.3000049550587756 -3.1065483982484254 -0.16126918644849073 -0.265675962203273 -0.08278001843742774 0.10064715372205643 -0.709376930168242 -1.2319065452869327 0.07669797188292198 -1.4426967043097483 -0.5932082277022316 -0.15914796035952955 0.4917038488130914 0.4356607513251893 -0.5041934777598502 0.08107570868863788,8678	
Centroid 3:0.06501165960024241 6.196597819503315 3.599796789824349 0.96134145972138 -2.1993073894609365 0.2740448213204118 2.7825934282253293 3.6169594185342193 -0.25938703815869113 -0.31838461538461443 -1.1371058449424611 0.15312764990914585 0.8112923985463377 0.5316424894003621 0.5899657783161714 -1.561542701393093 0.10751287098728071 0.8273129921259842 -0.38971895820714825 0.18312386432465172,6604	
Centroid 8:-0.41255997161107216 11.321136266855909 7.76908374733853 -1.117389638041164 1.8923903477643724 0.5762569198012781 7.555276082327891 -8.579478353442163 0.08041873669268988 3.1287246273953087 0.12341092973740231 4.916725337118528 -3.3469574166075233 -0.5871873669268994 -1.6620078069552886 3.2096217175301676 0.49952590489709014 -2.7382618878637324 0.016931156848828982 0.11312136266855927,1409	
Centroid 4:-5.811935879302227 -7.609984441301256 -0.5424255068363971 -1.658811173974542 -0.7544488448844894 3.028781235266377 4.552404761904757 -1.709540782649696 -3.2650631777463444 -0.8784912776991983 -1.7548375766148037 -1.3909236209335287 1.3789679396511114 -1.3572729844412978 0.8840176803394607 -0.26044860914662965 -0.0346426214049975 -0.27677982083922664 0.6135108439415377 0.03379349363507787,4242	
Centroid 9:-3.771691555705384 5.228682116972878 -8.224370470251126 -1.2320783751896183 0.06409405022754082 2.644357660542737 -1.5487426259902255 -1.6220369121860758 1.3013743468734194 -2.2739669644361986 -0.5608274060340467 -0.29423647395921165 -0.2808604415978421 0.6934726108208337 0.13997572897353777 -0.30251575931232066 0.1597116130119675 -0.1908270689364571 0.15131939996628987 0.32570756784089,5933	
Centroid 0:5.522469383886268 -3.401870710900483 -3.2419567772511844 0.4265939336492887 3.780140663507121 1.7099836966824629 1.1208388625592447 2.0806472037914716 -0.02509687203791471 2.329108436018952 0.8849778199052121 1.6347939336492858 0.5354252132701419 2.072103696682476 0.6630181990521303 0.9868333649289062 0.3622272985781999 -0.5287116587677714 0.024088341232227407 -0.3073956398104265,5275	
Centroid 5:0.2859336205208546 -5.623371842569015 3.589679851184658 -2.051705698061492 0.4391556686900327 1.5309424319561398 -0.5337824554533013 1.7045480712747203 4.058804581946352 -2.5907096142549406 -0.3381067162717832 1.8000581554728845 -2.159675934991181 -1.0649723908361082 -1.7468707656158187 -0.30743959271587995 -0.28070491482279236 -0.02422616017231256 0.8588717446641849 -0.030454670060701045,5107	
Centroid 1:4.110286375049554 0.8594678208008472 6.015197832694615 -0.022507202325888803 0.06499933923615692 2.2628476278578 -3.6404486586494 -1.621885027091322 -1.0690121580547074 -0.41844852649663355 0.8287400555041609 -1.7037243293247037 0.811549359059074 0.9649088145896646 0.4102327210255056 0.42124963657988546 -0.638912382714416 -0.2376417338443242 0.6420174441654537 0.10152107836659212,7567	
Centroid 6:-1.201209351460594 -1.5669516810582442 -2.1882989160389483 1.3710895645783556 -4.514239390042284 -2.0956726070181904 -0.1940563108579818 -0.6962742972625369 -0.12799338600036775 0.972162686018739 1.6009990813889328 0.4781080286606671 -0.3378104905383063 -0.027819584787800833 -0.023602333272092626 0.23274536101414725 -0.2886123461326479 0.20505511666360376 -0.3156335660481364 -0.30762382877089706,10886	
Centroid 2:-15.165595269040821 -0.35223524824538627 2.0861754613984926 0.4711762412269309 5.717624382635824 -3.7948947231609025 -2.727192097738491 1.428847933454643 -0.6995684949311166 1.7668721081362073 -0.6499209773849738 -0.07044398232388892 0.047414868728879934 0.04159604886924868 0.4646293215492585 0.12849363140109163 0.1322292695606963 -0.24457733298674278 -0.2912245905900706 -0.057287496750714796,3847	
Centroid 7:6.042778153533974 0.1816142486754594 -1.7462714462856443 0.32495152744899114 2.1226345395107686 -3.129047119828654 -0.1872248900913082 -0.2525593506932709 -0.11219400293089851 0.13823311915229453 -0.6687693608386894 -1.1804085221508316 0.07064333220606461 -1.4361643557659785 -0.6534053657986664 -0.16086720775560825 0.4859671964829213 0.5018147897644012 -0.5416841393304017 0.09073182279337166,8871	
Centroid 3:0.27562405026300474 6.013590005844551 3.513640999415545 0.8471031560490946 -2.2975092051431956 0.1181468439509059 2.6052149327878342 3.583921537112793 -0.3356583869082406 -0.31242592051431917 -1.248869520748102 0.23971946230274663 0.7449316189362966 0.5163356224430157 0.6885191408532992 -1.554727644652248 0.19690020455873652 0.7863287551139685 -0.3474336645236717 0.19980669199298637,6844	
Centroid 8:-0.7606645344705045 11.444434257284975 7.742899076048318 -0.966820184790334 2.041189765458423 0.7849758351101623 7.8257661691542255 -8.445972992181948 0.3284442075337603 3.223212508884147 0.5040433546552953 4.703146410803131 -3.175764747690121 -0.6273105899076051 -2.0020248756218906 3.253708599857855 0.28982515991471225 -2.749463397299217 -0.18482942430703614 0.1657647476901211,1407	
Centroid 4:-5.804121957156764 -7.597145082765328 -0.5943736611489764 -1.7937224926971762 -0.6896932814021443 3.1698889970788655 4.615021421616363 -1.6698836416747833 -3.407276290165528 -0.987751947419667 -1.8101472736124609 -1.3827334469328205 1.4729756572541393 -1.5235362706913338 0.8436387536514115 -0.27897419668938683 -0.0066686952288217355 -0.3286993670886077 0.5975481986368046 0.03901314508276521,4108	
Centroid 9:-3.8269846366304225 5.447777662696365 -8.202056792680825 -1.3291015018125287 0.17286172967374397 2.715722596236846 -1.5326017607457274 -1.6080119109269746 1.4766086656309325 -2.301298463663041 -0.5705133782150883 -0.3959364750561028 -0.2832887968237527 0.661974969791127 0.21574710857931953 -0.24089003970309 0.14765233902986372 -0.21341049542551416 0.08308406697738652 0.30564060072501287,5793	
Centroid 0:5.495513543191805 -3.3375177525622335 -3.2195424597364597 0.3975872986822837 3.722860541727684 1.6614666910688125 1.0504086749633996 2.0490153733528573 -0.05283693265007341 2.324435395314784 0.883959187408493 1.6008263177159534 0.5179586383601753 2.0011996705710198 0.6247884333821362 0.9450417276720325 0.38402415812591556 -0.524700585651537 -0.022800695461200584 -0.3039293557833087,5464	
Centroid 5:0.36210895837329854 -5.578212929215415 3.5270441204680747 -2.1094795703050138 0.4124337233838485 1.5886017648187216 -0.5471975829656645 1.712315365432574 3.9787914828313893 -2.522923844235569 -0.29014061001342706 1.8031818530596626 -2.1342873585267546 -1.0698499904085945 -1.7058246690964902 -0.25824592365240756 -0.29073163245731837 -0.00047707653942067826 0.8311030117015156 0.02448916171110692,5213	
Centroid 1:4.105651135319593 0.8827550859692869 5.998452159076003 -0.013547578422365156 0.050480246751542106 2.230970468565423 -3.619443234020206 -1.6310444940280873 -1.072334295839348 -0.41424255151594935 0.7871912324452012 -1.7268456490353106 0.7954979656122882 0.9712321827011425 0.3874013650085319 0.44596561228507753 -0.6351851949074652 -0.24010841317758286 0.6524973093581831 0.0781599947499671,7619	
Centroid 6:-1.5465337688538845 -1.6843287539629248 -2.2585887212988722 1.862869824190605 -4.585640599481233 -2.1029004707464662 -0.17030339129599345 -0.8649783840906904 -0.12771563070419914 0.9274372177922928 1.6896660582188459 0.49658132385435927 -0.34176405034105073 0.034757997886444396 0.02694303007013161 0.21907080411182608 -0.33472398885579885 0.15991728312037706 -0.2312051109616685 -0.3394259775194538,10409	
Centroid 2:-15.239499868386407 -0.4745340879178731 2.177713345617269 0.3886893919452499 5.808861542511194 -3.8135327717820426 -2.687749407738875 1.434670176362199 -0.682753356146354 1.7599176098973375 -0.6972977099236624 -0.08713345617267662 0.06490997630955528 0.04487207159778888 0.4561750460647532 0.08235193471966284 0.15570702816530663 -0.26279205053961546 -0.30194366938668077 -0.05894156356936027,3799	
Centroid 7:5.899716419549708 0.17222240527182764 -1.8477801208127351 0.10765579352004404 1.9497392641405793 -3.1371717737506843 -0.20330060406370104 -0.241600439319056 -0.13676968698517294 0.16947116968698542 -0.6286514003294887 -1.1195272926963233 0.07360560131795733 -1.41457353102691 -0.6955767160900586 -0.16496309719934107 0.45950236133992123 0.5574454695222405 -0.5759728720483259 0.09677221306974185,9105	
Centroid 3:0.42666614285714305 5.867339428571437 3.4331454285714265 0.7230448571428583 -2.380108142857148 0.002318857142857091 2.428740857142858 3.566978999999991 -0.4121401428571436 -0.29654128571428595 -1.3386820000000044 0.30820814285714165 0.6903172857142872 0.5001739999999991 0.757632571428568 -1.5352131428571436 0.26234299999999994 0.7665642857142865 -0.3064977142857153 0.21742728571428607,7000	
Centroid 8:-1.1396979020979 11.555623076923062 7.629599300699281 -0.8045097902097903 2.1690895104895107 0.9764706293706291 8.104367132867129 -8.109836363636367 0.6108216783216773 3.3215237762237733 0.8575020979020983 4.421790909090908 -2.9083139860139893 -0.657089510489511 -2.293335664335666 3.197022377622376 0.09203286713286707 -2.693558741258742 -0.37961398601398616 0.23508601398601356,1430	
Centroid 4:-5.74043430565943 -7.566193467963097 -0.6627890800299161 -1.9418389429070073 -0.6525901271503374 3.2728980304163477 4.6546886063325825 -1.6243111443530314 -3.5269837945649485 -1.052214909000249 -1.849558713537768 -1.3804185988531588 1.5415794066317636 -1.6549080029917713 0.8211413612565428 -0.26568137621540805 -0.008161057092994278 -0.35731662926950847 0.5943024183495386 0.04451757666417336,4011	
Centroid 9:-3.8611722681682172 5.594247052613076 -8.187940348407535 -1.4844423719866275 0.2317142354390283 2.7700957240893915 -1.4969484427239155 -1.6174465951082158 1.5984916417385187 -2.31510804152736 -0.5545759282069359 -0.48975083582614837 -0.30526007390462845 0.6426888967094859 0.28024406123526296 -0.22541069857469626 0.16479095548126033 -0.20911085694175588 0.02726781629421091 0.2831251099771248,5683	
Centroid 0:5.470093800250154 -3.291966946578538 -3.199929426478471 0.400677327139539 3.676295694121866 1.6292513846703565 1.0081407897087733 2.028546900125068 -0.07586278363408964 2.324516169376447 0.8714388065034826 1.5687012685367139 0.5011359656959092 1.9712079685545887 0.5990616401643707 0.919576737537965 0.3972876541004106 -0.5255978202608531 -0.034979274611399006 -0.30823655529748095,5597	
Centroid 5:0.3730650832242382 -5.5309122872638765 3.4618066205349036 -2.183313633813358 0.33669945763979797 1.598697774452967 -0.5607127361137096 1.7184226669160274 3.89502319057416 -2.4370957546287646 -0.25590387132971726 1.7871670095380605 -2.1190082289134082 -1.0587104918646022 -1.665334019076115 -0.2086285767720214 -0.28790630259958844 0.025718720778006295 0.7806160463811476 0.06690648962034798,5347	
Centroid 1:4.106204315221678 0.8946734640178906 6.004361005130905 -3.4206025522082183e-06 0.060749243520589434 2.2207888435732186 -3.6178023944217963 -1.6576480726220268 -1.0691619523746891 -0.4113431127483219 0.7789564530982732 -1.7431498487041166 0.7945034863833725 0.9754904617813444 0.38402604920405253 0.4546616234705968 -0.6361858965925533 -0.23643362715432256 0.6648021312985115 0.06525128272595704,7601	
Centroid 6:-1.8023148166851848 -1.7798394101605952 -2.274443389556614 2.395401979598023 -4.648336329663685 -2.1103052216947753 -0.15738400161599836 -1.0074946975053027 -0.11996121603878464 0.8831607918392043 1.7625410564589423 0.4981579638420367 -0.352323603676398 0.0572291687708311 0.07780587819412162 0.2239174830825164 -0.3600427229572765 0.11390566609433408 -0.1597217452782544 -0.34859014240985686,9901	
Centroid 2:-15.285553084458572 -0.6022406671961881 2.2549081281440264 0.30778925072809227 5.8535488482922995 -3.8380277998411416 -2.631638072544338 1.4216274821286738 -0.6759359279851735 1.7646523696055068 -0.7303203600741317 -0.12054461212602575 0.07063145353455155 0.052982525814138044 0.47435451416468033 0.043433148001059095 0.17505877680699 -0.25516626952607857 -0.3028339952343133 -0.0441792427852794,3777	
Centroid 7:5.7631612661747385 0.15641674687199214 -1.9429182975082804 -0.10020853384664742 1.787864827291198 -3.1283921505721306 -0.2103839161587 -0.23542925890279132 -0.16886814244465825 0.1933078815099987 -0.5897500802053229 -1.0540226713720429 0.0829196877339326 -1.3733884076569352 -0.7304264784514982 -0.1709457811998717 0.43120500481231755 0.6048072933376095 -0.6045657148968018 0.08537097636616423,9351	
Centroid 3:0.5376633538633804 5.731512458006723 3.3762189249720014 0.6199566069428912 -2.455794792833156 -0.08606732922732367 2.2785709686450173 3.5442374020156646 -0.4691636338185889 -0.28748460246360596 -1.4050904255319192 0.35860638297872305 0.6376485162374014 0.49789473684210434 0.7967242441209411 -1.5034441489361725 0.32206173012318 0.7296650335946264 -0.2689323908174689 0.21899552071668507,7144	
Centroid 8:-1.4159069767441839 11.631056087551286 7.51519493844048 -0.6542435020519849 2.2534822161422685 1.1519398084815307 8.292508207934327 -7.772193570451444 0.7950143638850888 3.372952804377563 1.126577975376197 4.123105335157323 -2.6641880984952144 -0.651324213406293 -2.5231880984952157 3.113391244870039 -0.09557797537619708 -2.5936785225718193 -0.5570766073871408 0.2953803009575922,1462	
Centroid 4:-5.640560111364217 -7.5114355859276225 -0.7672551252847348 -2.074692989116681 -0.6368296633763626 3.3544662110858035 4.67548494052139 -1.589115920020249 -3.631193621867871 -1.0962885345482143 -1.8585547962541091 -1.3553513034674838 1.5691131359149582 -1.758690205011389 0.7966603391546424 -0.24787623386484417 -0.02720121488230827 -0.3830154391293345 0.5740984560870679 0.04472032396861551,3951	
Centroid 9:-3.895739709013485 5.678357523066019 -8.157980837473378 -1.6146873669268986 0.24106369765791288 2.764203690560688 -1.477873136976581 -1.6170651171043304 1.6822269339957439 -2.301675479063164 -0.5326784953867981 -0.5511231369765799 -0.31053974449964467 0.6343358765081633 0.3235271469127046 -0.21646344925478972 0.17059599006387594 -0.21183108587650853 0.01087739531582675 0.2556875443577016,5636	
Centroid 0:5.4452833010733945 -3.261278550061601 -3.2007302481083917 0.42262854126341715 3.6661729720218283 1.6040936125285932 0.9896408587013906 2.009936477212745 -0.07883318669716695 2.3122347351750787 0.8701057540031665 1.5541430582438849 0.4866614464191452 1.9617374626077828 0.579228928382894 0.8853772655287679 0.40555833186697177 -0.5248734823156775 -0.030836354038360055 -0.3184436037304242,5683	
Centroid 5:0.3661088460138344 -5.484671641791038 3.389752093192594 -2.2743842373498437 0.2361856570804516 1.5934983618492866 -0.5875848198034229 1.712552056789226 3.810083909719696 -2.3288602111394296 -0.24105806334182714 1.7641164907171458 -2.08935638878777 -1.0406610848198068 -1.622763560247539 -0.1605254823443761 -0.2879242810338551 0.04911740080087361 0.7125507826720053 0.09527957772115049,5494	
Centroid 1:4.1211947417096 0.9058376271634283 6.004381820583953 0.0051709604967629975 0.08727718324745666 2.222597965385121 -3.620307570352754 -1.6937232131060918 -1.075274012419073 -0.4067052450786124 0.7862224864579188 -1.748571541815298 0.7975206764433881 0.9805648038049942 0.38684819659135994 0.4556132910556224 -0.6452585546307287 -0.2377825340203465 0.6786113092878832 0.058622671422909306,7569	
Centroid 6:-2.0145673569598626 -1.8571502988898463 -2.2631441076003407 2.994106105892405 -4.706054440649045 -2.101996690862516 -0.14768499146029038 -1.1214697907771138 -0.09485941502988891 0.8571933176771944 1.827805401366353 0.48655807002561885 -0.370411293766013 0.03884425704526057 0.15239143894107585 0.23857216054654068 -0.3710678906917161 0.06505486763450036 -0.09846541417591814 -0.36068584543125354,9368	
Centroid 2:-15.300666666666672 -0.7280610403397046 2.3245520169851392 0.2400907643312107 5.878033439490444 -3.8573397027600884 -2.580350053078549 1.402178874734609 -0.6690045116772835 1.7475236199575381 -0.7510315817409762 -0.13913826963906592 0.08706740976645454 0.07320594479830164 0.4793874734607214 -0.005035297239915106 0.20531263269639102 -0.2676857749469212 -0.30489171974522317 -0.03946072186836518,3768	
Centroid 7:5.5990110474205315 0.1312426263678996 -2.04126618030224 -0.3231224596143808 1.617206149035963 -3.1266280354351186 -0.21664450234497093 -0.23706961959353834 -0.20173329859301817 0.2111345492443984 -0.5441060969254794 -0.9887169359041129 0.094550703491402 -1.3212154247003651 -0.7724677436164632 -0.175926107347577 0.39341104742053035 0.6490321000521098 -0.6224614903595601 0.0725907243355915,9595	
Centroid 3:0.6386663003159754 5.612378623437306 3.338043275175158 0.5332291523560923 -2.507434537711221 -0.15744319274625676 2.1525528231899997 3.5098594587168432 -0.5114742409671664 -0.2898091770847645 -1.4513496359390041 0.382015798873471 0.5882533315015819 0.49024124192883545 0.8243018271740626 -1.4692019508174197 0.3535697211155368 0.6918620689655176 -0.2560417639785683 0.22446407473554034,7279	
Centroid 8:-1.6475194369973167 11.70467426273456 7.413619302949046 -0.5462848525469169 2.310936997319039 1.2989470509383365 8.450680965147445 -7.432964477211793 0.9538706434316372 3.401387399463807 1.28233109919571 3.8628679624664826 -2.4905583109919576 -0.672029490616623 -2.6596226541554953 3.008731903485253 -0.2325770777479895 -2.4991139410187646 -0.6910945040214476 0.3119819034852543,1492	
Centroid 4:-5.536519570222555 -7.466279355333838 -0.862463289843946 -2.1777902276797136 -0.6489818367869035 3.416437452033763 4.685793297518542 -1.5607592734714781 -3.7271005372217956 -1.1090493732412372 -1.8690432335635707 -1.3247316449219826 1.5921383985674116 -1.8268355078025038 0.7692450754668706 -0.22519698132514726 -0.05103862880532093 -0.39528216935277494 0.5649396265029434 0.04134765924788952,3909	
Centroid 9:-3.93380568383659 5.709417939609242 -8.125801953818835 -1.7246884547069254 0.2284024866785079 2.7329877442273554 -1.4585886323268198 -1.6060026642983969 1.7321774422735357 -2.286657726465363 -0.505200355239789 -0.5801397868561275 -0.29935008880994657 0.6491051509769106 0.34579449378330457 -0.2038078152753108 0.18067406749555942 -0.20915719360568377 0.006571225577264897 0.2364019538188283,5630	
Centroid 0:5.443760703097809 -3.2303985381134788 -3.1978158719108967 0.4693546815175787 3.6828995823181403 1.5652159763313591 0.9801439262095376 1.984372955099204 -0.06904768534632774 2.29781621997911 0.8764450052210241 1.5425182735816207 0.48532126696832656 1.9500149669335238 0.5706018099547496 0.8441101635920639 0.410793421510616 -0.5244124608423244 -0.01630804037591372 -0.3346860424643231,5746	
Centroid 5:0.34010985116938447 -5.437533841247338 3.3177111977321236 -2.3810074415308353 0.11134195605953269 1.5722404323175005 -0.6081856839121201 1.699045003543589 3.7213449681077226 -2.2161086109142505 -0.22570038979447174 1.7203667611622944 -2.073754252303331 -1.0042880935506762 -1.5960916017009223 -0.10690892983699492 -0.280541991495393 0.07028366406803678 0.6478866052445056 0.1263362863217578,5644	
Centroid 1:4.12608012735473 0.9126538869726706 6.018242106659594 0.01905306447333515 0.12534598036614447 2.230081586627752 -3.618815202971612 -1.743336561422132 -1.0718981162111945 -0.41022830989652603 0.8030834438843172 -1.751973600424513 0.7936282833642873 0.9836131599893867 0.3908515521358464 0.456808039267711 -0.6552682409127084 -0.23116396922260654 0.6942325550543892 0.04990740249403033,7538	
Centroid 6:-2.1916876203420506 -1.9137131045418523 -2.2251674028768855 3.61524498810738 -4.757666553403579 -2.0631791822403414 -0.16539528825461547 -1.2168424510137015 -0.06285808132291298 0.8373684448974952 1.8760829085966682 0.4859190168762021 -0.37058047343980166 -0.014899195831917601 0.2310127987314526 0.2511881300260504 -0.35329471061275436 0.022280099671537126 -0.05139109751953789 -0.3681027296409547,8829	
Centroid 2:-15.309322349189447 -0.8406500132872724 2.3823879883072014 0.1518373638054745 5.884286739303753 -3.884238107892629 -2.533690672335891 1.3784156258304534 -0.668236247674727 1.7273337762423573 -0.7648623438745668 -0.15506909380813233 0.09085304278501223 0.09659473824076546 0.49363353707148483 -0.055484719638586054 0.23375684294445956 -0.2705373372309331 -0.30837018336433675 -0.03192745150146157,3763	
Centroid 7:5.413228525121554 0.095353018638574 -2.1225146880064787 -0.5366087925445703 1.4194332455429495 -3.1190187398703415 -0.22183833063209052 -0.23936021069692084 -0.24522275121556053 0.2252768435980552 -0.49416166936790956 -0.9231255064829814 0.08559633306320934 -1.250021474878444 -0.8086727106969173 -0.17232972042139375 0.3509143030794151 0.676495239059969 -0.648257192058347 0.060891207455429294,9872	
Centroid 3:0.7356712162162143 5.511861216216214 3.3046168918918877 0.456032162162162 -2.556787702702701 -0.22896310810810835 2.0395625675675646 3.4803037837837727 -0.5562663513513517 -0.28433162162162173 -1.500317972972979 0.4021479729729727 0.5450439189189205 0.47941986486486415 0.8450052702702712 -1.4313997297297298 0.38145513513513446 0.6525450000000023 -0.24159743243243237 0.22857945945945946,7400	
Centroid 8:-1.908266139657445 11.751261528326737 7.303469038208161 -0.3935487483530961 2.3707391304347833 1.4344011857707506 8.610179841897224 -7.097550724637685 1.1223952569169973 3.38560540184453 1.4747404479578399 3.6012167325428193 -2.2952865612648226 -0.6513544137022399 -2.812580368906453 2.9243774703557337 -0.3632022397891958 -2.4271857707509876 -0.8461732542819501 0.3215072463768114,1518	
Centroid 4:-5.444143261316865 -7.403471965020593 -0.9721908436213959 -2.2547358539094606 -0.6733137860082331 3.4611723251028788 4.68131044238683 -1.5479557613168733 -3.7977870370370312 -1.1105303497942365 -1.8668011831275668 -1.2984544753086453 1.6008356481481474 -1.851992541152259 0.7466244855967055 -0.210942644032922 -0.07897479423868305 -0.3912965534979421 0.5619529320987666 0.031220164609053292,3888	
Centroid 9:-3.963154734411089 5.7122712737608925 -8.120379463492625 -1.8258086693906523 0.19929987564398605 2.6951785397051036 -1.4403437555516099 -1.59072996979925 1.757864984899622 -2.249393142654115 -0.47122224196127227 -0.5986558891454977 -0.2997305027535981 0.6590346420323323 0.35359833007639097 -0.1984540771007283 0.17622988097353012 -0.22068058269674934 0.026459228992716587 0.21335121691241815,5629	
Centroid 0:5.477248182762201 -3.2003707165109057 -3.2071126687435156 0.5617580477673958 3.77253115264797 1.5101870889581144 1.0030595361716845 1.965783142956044 -0.042792142609899636 2.255874524056767 0.8929979231568015 1.5303385254413302 0.49935479404638305 1.9428281412253394 0.5724641744548264 0.8003433714087904 0.4098823122187613 -0.5234598476981669 0.01843457943925237 -0.3509518864659054,5778	
Centroid 5:0.2988788245462403 -5.404529818496108 3.2434762316335366 -2.468228349178913 -0.013305445116680928 1.5498750216076036 -0.6186850475367337 1.6776473638720881 3.6483040622299137 -2.0957394987035403 -0.21843578219533225 1.682733967156438 -2.0529533275713 -0.969280898876404 -1.561765946413135 -0.04878824546240257 -0.2771462402765779 0.09142973206568696 0.5901861711322388 0.15811408815903186,5785	
Centroid 1:4.1326160714285685 0.924882462686568 6.042740271854999 0.024489072494669462 0.1677877132196165 2.2464481609808056 -3.6229657515991534 -1.7921114072494702 -1.072722014925371 -0.41081303304904326 0.8229638859275028 -1.7484664179104457 0.7871592484008542 0.9792797174840081 0.3969608208955231 0.45638352878464955 -0.6634500266524475 -0.22359488272921102 0.7148218283582068 0.04295189232409395,7504	
Centroid 6:-2.3278764031526094 -1.9370175543348482 -2.181988416527338 4.138990088368775 -4.8017288034392305 -1.995932409839976 -0.20118736565560053 -1.2815806066395974 -0.030495581561977497 0.8200085980415533 1.8979983281585888 0.5013043945545741 -0.34059481729161734 -0.089339861475997 0.3044859087652249 0.27564174826844984 -0.3438323381896362 -0.015793527585383108 -0.019235371387628358 -0.37563482206830495,8374	
Centroid 2:-15.296847233253894 -0.9577034683611328 2.4295123113582195 0.06664733915806162 5.865059041567376 -3.90716653428646 -2.471272703203597 1.3525798252581425 -0.65432406671962 1.7079200423616656 -0.759622186920834 -0.18376303944929928 0.09510140323007676 0.12355758538522642 0.5094214985438162 -0.09361821551495884 0.26617447709822667 -0.28616706380725415 -0.32112814402965306 -0.028269261318506718,3777	
Centroid 7:5.228149294941302 0.05821871610294848 -2.187863425697661 -0.7036849423133794 1.2253640666600936 -3.1058946849423132 -0.22845557637313843 -0.23838319692338086 -0.28092229563159554 0.25037412483976035 -0.4526145350557148 -0.8614042007691529 0.06361759195345645 -1.1845288433093366 -0.8424064687900586 -0.16189813627847327 0.31313134799329323 0.6926983532196047 -0.6657134404891041 0.04916211418992197,10141	
Centroid 3:0.8172992368456249 5.439837327620833 3.306770652028378 0.4272743339135094 -2.5926639443031165 -0.2741510242334987 1.9720520819386735 3.442574240192787 -0.5962075244343257 -0.28211460704244157 -1.5429410898379998 0.405361628062659 0.5106713080733704 0.4942925425090357 0.8610421743205251 -1.4195840139242186 0.40471321462043114 0.6071782032400593 -0.24659606373008375 0.22984562859820623,7469	
Centroid 8:-2.1568221933809224 11.84365022712523 7.10830499675535 -0.2667663854639843 2.4154334847501606 1.594757949383516 8.74990655418558 -6.784316677482163 1.3273231667748209 3.3356787800129744 1.647094094743671 3.3505697598961732 -2.134608046722906 -0.6782446463335507 -2.8889578195976666 2.8687676833225164 -0.4565178455548345 -2.384016872160935 -0.9698851395197924 0.3050110317975341,1541	
Centroid 4:-5.361592544654407 -7.346785917680556 -1.062299767020446 -2.291259901630854 -0.7021423763914066 3.497834584519799 4.676268961946663 -1.540901371990682 -3.870944861506599 -1.1086963499870552 -1.8533660367589961 -1.2829409785141144 1.583675122961432 -1.8688244887393193 0.7272526533782032 -0.19941599792907058 -0.09571835361118283 -0.38153507636551837 0.5634048666839249 0.025071705928035395,3863	
Centroid 9:-3.972581734186208 5.691144633972997 -8.12454140014214 -1.9214943141435636 0.1614269722814499 2.633609452736318 -1.4411643567874903 -1.5646712864250139 1.7444973347547976 -2.215196695095948 -0.44100568585643246 -0.5966671997157069 -0.314178926794598 0.6719106254442091 0.35528447050462053 -0.2100495735607678 0.1864216417910449 -0.21464410092395156 0.061766169154229354 0.21191027007818114,5628	
Centroid 0:5.526673736851178 -3.169650629418867 -3.218612864286951 0.6670886359717205 3.8879165373340245 1.4487418520434527 1.025085876875323 1.9360579410243213 -0.01815899292981553 2.2085525090532854 0.9141069149853437 1.5191134678392835 0.5348839455078453 1.9267611657182309 0.5835061217451281 0.7425269874116218 0.40974098982583296 -0.5162821176064835 0.05048749784445597 -0.36552905673392017,5799	
Centroid 5:0.25083909214092154 -5.3941681910569095 3.182727981029814 -2.533951897018972 -0.12702320460704564 1.5192913279132774 -0.6094264905149065 1.6548368902439088 3.5998514566395627 -2.009484586720865 -0.2170260840108396 1.63768800813008 -2.0414027777777703 -0.9190999322493211 -1.5377748983739807 0.01447306910569108 -0.28539888211382153 0.1150643631436313 0.5535816395663964 0.18285721544715466,5904	
Centroid 1:4.141015528781787 0.9238615796519369 6.055044979919671 0.030583801874163385 0.21004511378848797 2.2625385542168686 -3.6274745649263793 -1.8201008032128565 -1.0784842034805895 -0.41853601070950625 0.8519937081659917 -1.7488918340026813 0.7842402945113798 0.9739178045515394 0.4050349397590385 0.4554460508701482 -0.6685175368139191 -0.2138145917001346 0.7285020080321276 0.04431178045515388,7470	
Centroid 6:-2.402710575369706 -1.9487070958121084 -2.1546667080899624 4.533888032807252 -4.8300955635640594 -1.942600223685844 -0.23316353920715732 -1.3095184540822666 0.010055300111842929 0.8151107244935991 1.8871460171492491 0.5158897725860571 -0.3110789113955515 -0.16299428358394474 0.359859450726977 0.29642612153597653 -0.34042475456692056 -0.045914502298993104 -0.0011163166397415128 -0.37721411706225855,8047	
Centroid 2:-15.29644676354029 -1.0486237780713354 2.4680908850726513 0.009795508586525557 5.846959841479526 -3.9183725231175672 -2.4271857331571955 1.3228943196829575 -0.6528919418758247 1.6969284015852042 -0.7467178335534983 -0.20229088507265625 0.08319128137384413 0.1392475561426685 0.507878731836194 -0.12176935270805815 0.29000660501981523 -0.29405865257595776 -0.3249844121532366 -0.022354821664464893,3785	
Centroid 7:5.056517338240974 0.03103438589693917 -2.2295676094537042 -0.8496468423091834 1.0434197985276994 -3.0848432777992993 -0.24157768306857766 -0.22990410693529703 -0.3170381635025178 0.27894372336303647 -0.4188570321580764 -0.8093151879116646 0.032438880278961496 -1.1328656528477292 -0.8722752808988719 -0.1467180356450978 0.29231654397520235 0.6954271600154978 -0.6829633862843854 0.04057012785741947,10324	
Centroid 3:0.8885857199946692 5.393821899560401 3.328733848408147 0.42578127081390665 -2.6153013187691507 -0.3181591847608902 1.9143889702943873 3.3974066870920376 -0.6215021979485844 -0.2946776342080718 -1.6038731850273111 0.41005434927401174 0.4794746236845628 0.4996314106833613 0.883449580391635 -1.4096548554682304 0.42810297056080987 0.5632824030904484 -0.2359901425336347 0.22692340482216608,7507	
Centroid 8:-2.3540069974554685 11.87455279898217 6.954619592875312 -0.14137404580152668 2.442356870229008 1.7326399491094135 8.832332697201009 -6.471515267175572 1.4762188295165415 3.307146310432567 1.8239007633587774 3.1036043256997465 -1.966061704834607 -0.6844764631043271 -2.9565617048346073 2.7712194656488545 -0.5991501272264629 -2.3136342239185743 -1.0833498727735384 0.29838104325699727,1572	
Centroid 4:-5.309580720393877 -7.304849701995322 -1.1360826639025638 -2.299258357087327 -0.7213570873283243 3.5273506089660454 4.665512308888299 -1.5266677895827918 -3.9176480953614896 -1.1015053122570595 -1.8319590567504476 -1.2719924850997704 1.5618310443119987 -1.867312516195903 0.7120590826639003 -0.19418009847110687 -0.0981228297486396 -0.38791863176988856 0.5571256802280398 0.016490800725576606,3859	
Centroid 9:-3.971279936136239 5.669032641475958 -8.123438885932229 -1.9890046123824698 0.13927390455916266 2.5794401277275174 -1.4439714387085303 -1.5404174206137975 1.7189466028029095 -2.1987221926556693 -0.41168298740464726 -0.5859728579031406 -0.32146726982437396 0.6896625864821716 0.3541937200638644 -0.20720383182543936 0.1985808053929393 -0.20451782863225126 0.09297977647684988 0.2074929927266282,5637	
Centroid 0:5.609661691542291 -3.1429553954366107 -3.210713501458231 0.7816129696345857 4.021182192485843 1.3582360610739397 1.0544163664436434 1.8958394235717966 0.03775570423743347 2.152379996568877 0.9298884885915257 1.4917515868931222 0.5856520844055575 1.902709212557903 0.5989445874077867 0.6851758449133639 0.4078596671813358 -0.490272945616744 0.09102024360953852 -0.3765585863784533,5829	
Centroid 5:0.21802244556113973 -5.392326465661636 3.1404016750418786 -2.5831162479062004 -0.20956348408710224 1.5076318257956458 -0.6072556113902848 1.6237867671691846 3.56378308207705 -1.9461804020100448 -0.21032897822445504 1.6080738693467336 -2.036457956448907 -0.8786045226130653 -1.5162244556113889 0.05861541038525972 -0.29718726968174214 0.13639983249581256 0.5210901172529324 0.1955202680067005,5970	
Centroid 1:4.149176794837318 0.9156992471094367 6.063012637805844 0.02920328045173443 0.25190158644797045 2.2759810432912064 -3.634721699381558 -1.8460021511158982 -1.0801302769561738 -0.42599704221565177 0.8902506050013429 -1.7434115353589674 0.7878773863941924 0.9723854530787824 0.4153429685399309 0.44516348480774476 -0.6771297391771959 -0.20485721968271037 0.7397243882764156 0.050092901317558385,7438	
Centroid 6:-2.4379723756906007 -1.9394849029937133 -2.152794166773735 4.867888217910838 -4.8368806372863915 -1.9022806115893642 -0.24645984838751056 -1.3176762173968932 0.053238853912373034 0.8051961968392655 1.8653817294102544 0.5283956058075298 -0.2759185404085832 -0.25458524990363635 0.4109933187716814 0.332309135294875 -0.34574457150199284 -0.05031915713735046 0.041777849158422066 -0.37217538224335067,7783	
Centroid 2:-15.273269048870237 -1.113192590646347 2.4949692590646375 -0.05801839201261177 5.805738833420906 -3.9302469784550693 -2.379644771413554 1.282222806095641 -0.6527995270625316 1.6823594324750384 -0.719125328428795 -0.21976248029427264 0.07905885444035737 0.1714377299001577 0.5059545454545441 -0.1540388859695221 0.31593247503941146 -0.3056768260641095 -0.34550131371518594 -0.008449027850761955,3806	
Centroid 7:4.907429749688303 0.018212429270164192 -2.259352258559505 -0.9841452958664967 0.865008631437619 -3.063510693392164 -0.2584216936798701 -0.2170235925961446 -0.35643080464179533 0.29988098206578984 -0.40324810587896665 -0.7679554042389973 0.0015300661743550294 -1.099622038937371 -0.9025621943032486 -0.1365136664428891 0.2753740289632672 0.6965746619353579 -0.7034982257600461 0.035963172532847344,10427	
Centroid 3:0.9340834218916023 5.370115701381502 3.3665039851222054 0.4533081827842719 -2.6248726089266765 -0.34328174814027645 1.880445669500527 3.3534512486716195 -0.6431718916046767 -0.31258289054197685 -1.647740037194476 0.4051509032943684 0.4526551540913936 0.5099121944739633 0.8995013283740707 -1.4020895324123297 0.4398359458023377 0.5253340860786385 -0.23770443676939404 0.21608740701381518,7528	
Centroid 8:-2.4894659949622153 11.898422544080605 6.865057304785896 -0.08026826196473547 2.4434842569269533 1.826113979848866 8.905644836272026 -6.260101385390429 1.566909319899246 3.2654641057934475 1.9214149874055395 2.955149874055414 -1.847756297229218 -0.6644804785894224 -3.0154647355163786 2.7133406801007562 -0.6724829974811087 -2.2604049118387906 -1.1399408060453418 0.2931649874055414,1588	
Centroid 4:-5.26462909090909 -7.2792742857142825 -1.1941316883116828 -2.2911768831168873 -0.7393506493506508 3.55236337662337 4.6642698701298695 -1.5285654545454532 -3.952110909090906 -1.0881885714285688 -1.8171033766233708 -1.2615389610389651 1.5350090909090928 -1.8529059740259721 0.7031974025973989 -0.18752259740259766 -0.10291402597402573 -0.3786129870129865 0.5586070129870153 0.00030077922077928324,3850	
Centroid 9:-3.977800957956364 5.65205747738159 -8.125412808231319 -2.034303707645913 0.1121715451481283 2.551471527408203 -1.454095440837323 -1.524607237892493 1.7045394713500124 -2.172655667908461 -0.3882059606173491 -0.5802513748447768 -0.33043462834841114 0.7062689373780384 0.3492730175625341 -0.20997356750044383 0.20983767961681762 -0.21442469398616246 0.12533173673940048 0.20741671101649836,5637	
Centroid 0:5.686719993228379 -3.0904084983917413 -3.1963233451836826 0.8781034366006418 4.137283392585064 1.2434944980531584 1.0701466057220244 1.8407909260199744 0.08205349585237855 2.0864674115456268 0.9394696123243588 1.4478792957508062 0.6349344845099048 1.8584274589470162 0.6057343829354993 0.6212896563399339 0.41027492805146476 -0.45727323514474444 0.11812849162011188 -0.3905259861181654,5907	
Centroid 5:0.1816983101391651 -5.398832173624914 3.1091539098740872 -2.6156731278992718 -0.2802445328031811 1.499517561298871 -0.6087953943008623 1.6004348906560695 3.528187044400269 -1.8820869781312088 -0.19800314777998623 1.5780178926441362 -2.0354587475149026 -0.8359648774022543 -1.4991534128561939 0.10028015241882064 -0.2955571570576545 0.1362967196819087 0.4757944002650765 0.2040430748840295,6036	
